[0, 1]
[1, 2]
[2, 3]
[2, 4]
[2, 5]
[1, 6]
[1, 7]
[2, 8]
[6, 9]
[1, 10]
[2, 11]
[2, 12]
[2, 13]
[2, 14]
[9, 15]
[2, 16]
[15, 17]
[16, 18]
[16, 19]
[19, 20]
[20, 21]
[20, 22]
[9, 23]
[23, 24]
[24, 25]
[24, 26]
[20, 27]
[24, 28]
[24, 29]
[29, 30]
[30, 31]
[31, 32]
[31, 33]
[28, 34]
[28, 35]
[33, 36]
[31, 37]
[34, 38]
[37, 39]
[28, 40]
[39, 41]
[38, 42]
[25, 43]
[28, 44]
[39, 45]
[45, 46]
[45, 47]
[28, 48]
[45, 49]
[17, 50]
[16, 51]
[20, 52]
[48, 53]
[49, 54]
[0, 55]
[49, 56]
[40, 57]
[28, 58]
[24, 59]
[46, 60]
[57, 61]
[15, 62]
[57, 63]
[46, 64]
[60, 65]
[64, 66]
[60, 67]
[60, 68]
[30, 69]
[43, 70]
[53, 71]
[49, 72]
[16, 73]
[57, 74]
[65, 75]
[48, 76]
[75, 77]
[13, 78]
[71, 79]
[44, 80]
[77, 81]
[60, 82]
[81, 83]
[53, 84]
[68, 85]
[67, 86]
[15, 87]
[83, 88]
[84, 89]
[48, 90]
[84, 91]
[91, 92]
[81, 93]
[93, 94]
[92, 95]
[81, 96]
[65, 97]
[93, 98]
[15, 99]
[98, 100]
[86, 101]
[91, 102]
[94, 103]
[49, 104]
[72, 105]
[74, 106]
[98, 107]
[107, 108]
[100, 109]
[108, 110]
[85, 111]
[20, 112]
[85, 113]
[72, 114]
[109, 115]
[109, 116]
[116, 117]
[116, 118]
[115, 119]
[83, 120]
[65, 121]
[108, 122]
[107, 123]
[119, 124]
[115, 125]
[91, 126]
[116, 127]
[12, 128]
[100, 129]
[119, 130]
[113, 131]
[60, 132]
[114, 133]
[98, 134]
[101, 135]
[131, 136]
[66, 137]
[119, 138]
[106, 139]
[35, 140]
[121, 141]
[128, 142]
[107, 143]
[86, 144]
[113, 145]
[130, 146]
[71, 147]
[5, 148]
[121, 149]
[119, 150]
[60, 151]
[83, 152]
[83, 153]
[138, 154]
[154, 155]
[31, 156]
[154, 157]
[154, 158]
[48, 159]
[114, 160]
[83, 161]
[141, 162]
[113, 163]
[143, 164]
[29, 165]
[35, 166]
[138, 167]
[157, 168]
[153, 169]
[107, 170]
[148, 171]
[164, 172]
[51, 173]
[89, 174]
[94, 175]
[143, 176]
[70, 177]
[128, 178]
[157, 179]
[140, 180]
[158, 181]
[170, 182]
[133, 183]
[170, 184]
[179, 185]
[183, 186]
[116, 187]
[87, 188]
[107, 189]
[141, 190]
[179, 191]
[116, 192]
[9, 193]
[60, 194]
[168, 195]
[181, 196]
[163, 197]
[195, 198]
[111, 199]
[191, 200]
[176, 201]
[201, 202]
[42, 203]
[154, 204]
[30, 205]
[195, 206]
[50, 207]
[181, 208]
[191, 209]
[123, 210]
[201, 211]
[207, 212]
[196, 213]
[74, 214]
[176, 215]
[205, 216]
[50, 217]
[110, 218]
[198, 219]
[145, 220]
[168, 221]
[145, 222]
[208, 223]
[221, 224]
[121, 225]
[194, 226]
[130, 227]
[107, 228]
[228, 229]
[176, 230]
[222, 231]
[148, 232]
[223, 233]
[191, 234]
[131, 235]
[109, 236]
[191, 237]
[194, 238]
[193, 239]
[221, 240]
[240, 241]
[33, 242]
[231, 243]
[157, 244]
[69, 245]
[219, 246]
[241, 247]
[227, 248]
[247, 249]
[148, 250]
[222, 251]
[233, 252]
[197, 253]
[219, 254]
[9, 255]
[205, 256]
[80, 257]
[233, 258]
[163, 259]
[54, 260]
[240, 261]
[237, 262]
[215, 263]
[249, 264]
[241, 265]
[241, 266]
[201, 267]
[233, 268]
[240, 269]
[268, 270]
[212, 271]
[254, 272]
[206, 273]
[215, 274]
[265, 275]
[224, 276]
[270, 277]
[225, 278]
[236, 279]
[176, 280]
[36, 281]
[176, 282]
[240, 283]
[103, 284]
[266, 285]
[277, 286]
[286, 287]
[191, 288]
[270, 289]
[107, 290]
[194, 291]
[115, 292]
[198, 293]
[218, 294]
[262, 295]
[197, 296]
[190, 297]
[219, 298]
[47, 299]
[286, 300]
[300, 301]
[114, 302]
[266, 303]
[212, 304]
[280, 305]
[275, 306]
[302, 307]
[266, 308]
[180, 309]
[168, 310]
[270, 311]
[183, 312]
[228, 313]
[78, 314]
[130, 315]
[306, 316]
[297, 317]
[300, 318]
[150, 319]
[237, 320]
[234, 321]
[270, 322]
[180, 323]
[241, 324]
[265, 325]
[177, 326]
[202, 327]
[127, 328]
[322, 329]
[121, 330]
[329, 331]
[182, 332]
[322, 333]
[137, 334]
[127, 335]
[60, 336]
[318, 337]
[322, 338]
[114, 339]
[329, 340]
[265, 341]
[300, 342]
[199, 343]
[337, 344]
[134, 345]
[327, 346]
[124, 347]
[338, 348]
[344, 349]
[337, 350]
[130, 351]
[96, 352]
[338, 353]
[266, 354]
[337, 355]
[301, 356]
[355, 357]
[322, 358]
[305, 359]
[327, 360]
[54, 361]
[145, 362]
[349, 363]
[316, 364]
[320, 365]
[329, 366]
[316, 367]
[353, 368]
[337, 369]
[366, 370]
[295, 371]
[92, 372]
[187, 373]
[355, 374]
[366, 375]
[134, 376]
[340, 377]
[355, 378]
[367, 379]
[378, 380]
[181, 381]
[378, 382]
[176, 383]
[379, 384]
[252, 385]
[301, 386]
[357, 387]
[337, 388]
[346, 389]
[380, 390]
[111, 391]
[380, 392]
[364, 393]
[301, 394]
[110, 395]
[337, 396]
[276, 397]
[83, 398]
[344, 399]
[344, 400]
[49, 401]
[320, 402]
[387, 403]
[366, 404]
[393, 405]
[300, 406]
[235, 407]
[131, 408]
[380, 409]
[405, 410]
[69, 411]
[101, 412]
[380, 413]
[291, 414]
[337, 415]
[322, 416]
[382, 417]
[253, 418]
[413, 419]
[399, 420]
[223, 421]
[379, 422]
[350, 423]
[419, 424]
[400, 425]
[385, 426]
[233, 427]
[413, 428]
[350, 429]
[289, 430]
[425, 431]
[322, 432]
[344, 433]
[359, 434]
[432, 435]
[422, 436]
[266, 437]
[382, 438]
[438, 439]
[344, 440]
[382, 441]
[344, 442]
[318, 443]
[433, 444]
[422, 445]
[175, 446]
[392, 447]
[382, 448]