[0, 1]
[1, 2]
[1, 3]
[1, 4]
[1, 5]
[1, 6]
[1, 7]
[5, 8]
[1, 9]
[9, 10]
[10, 11]
[8, 12]
[10, 13]
[10, 14]
[10, 15]
[7, 16]
[16, 17]
[17, 18]
[18, 19]
[18, 20]
[18, 21]
[18, 22]
[18, 23]
[23, 24]
[23, 25]
[25, 26]
[26, 27]
[26, 28]
[21, 29]
[22, 30]
[23, 31]
[26, 32]
[32, 33]
[21, 34]
[20, 35]
[32, 36]
[36, 37]
[33, 38]
[36, 39]
[17, 40]
[25, 41]
[21, 42]
[39, 43]
[43, 44]
[25, 45]
[33, 46]
[39, 47]
[42, 48]
[47, 49]
[36, 50]
[30, 51]
[39, 52]
[49, 53]
[43, 54]
[33, 55]
[50, 56]
[21, 57]
[53, 58]
[42, 59]
[36, 60]
[21, 61]
[0, 62]
[36, 63]
[10, 64]
[56, 65]
[53, 66]
[53, 67]
[33, 68]
[58, 69]
[30, 70]
[67, 71]
[67, 72]
[61, 73]
[42, 74]
[36, 75]
[64, 76]
[75, 77]
[31, 78]
[56, 79]
[33, 80]
[67, 81]
[25, 82]
[67, 83]
[42, 84]
[24, 85]
[69, 86]
[67, 87]
[42, 88]
[12, 89]
[75, 90]
[7, 91]
[67, 92]
[69, 93]
[4, 94]
[87, 95]
[94, 96]
[67, 97]
[25, 98]
[67, 99]
[95, 100]
[59, 101]
[99, 102]
[48, 103]
[24, 104]
[86, 105]
[99, 106]
[73, 107]
[106, 108]
[106, 109]
[106, 110]
[100, 111]
[100, 112]
[42, 113]
[31, 114]
[75, 115]
[110, 116]
[110, 117]
[7, 118]
[106, 119]
[61, 120]
[106, 121]
[75, 122]
[121, 123]
[119, 124]
[25, 125]
[82, 126]
[33, 127]
[106, 128]
[124, 129]
[100, 130]
[25, 131]
[129, 132]
[119, 133]
[95, 134]
[119, 135]
[100, 136]
[129, 137]
[106, 138]
[129, 139]
[31, 140]
[138, 141]
[33, 142]
[100, 143]
[106, 144]
[99, 145]
[23, 146]
[141, 147]
[146, 148]
[138, 149]
[100, 150]
[33, 151]
[64, 152]
[141, 153]
[123, 154]
[141, 155]
[138, 156]
[155, 157]
[12, 158]
[141, 159]
[159, 160]
[145, 161]
[146, 162]
[132, 163]
[128, 164]
[44, 165]
[67, 166]
[75, 167]
[29, 168]
[164, 169]
[63, 170]
[24, 171]
[12, 172]
[42, 173]
[107, 174]
[134, 175]
[162, 176]
[160, 177]
[138, 178]
[173, 179]
[95, 180]
[162, 181]
[25, 182]
[173, 183]
[73, 184]
[138, 185]
[33, 186]
[180, 187]
[132, 188]
[56, 189]
[120, 190]
[89, 191]
[135, 192]
[187, 193]
[193, 194]
[194, 195]
[172, 196]
[195, 197]
[197, 198]
[61, 199]
[99, 200]
[199, 201]
[185, 202]
[202, 203]
[178, 204]
[197, 205]
[107, 206]
[205, 207]
[207, 208]
[61, 209]
[61, 210]
[91, 211]
[197, 212]
[201, 213]
[174, 214]
[208, 215]
[202, 216]
[165, 217]
[128, 218]
[174, 219]
[102, 220]
[197, 221]
[31, 222]
[216, 223]
[135, 224]
[124, 225]
[221, 226]
[202, 227]
[205, 228]
[105, 229]
[226, 230]
[227, 231]
[230, 232]
[180, 233]
[232, 234]
[227, 235]
[203, 236]
[140, 237]
[232, 238]
[235, 239]
[238, 240]
[240, 241]
[222, 242]
[187, 243]
[107, 244]
[188, 245]
[241, 246]
[246, 247]
[238, 248]
[238, 249]
[200, 250]
[249, 251]
[245, 252]
[226, 253]
[247, 254]
[249, 255]
[249, 256]
[255, 257]
[198, 258]
[253, 259]
[239, 260]
[238, 261]
[256, 262]
[185, 263]
[236, 264]
[254, 265]
[231, 266]
[254, 267]
[107, 268]
[218, 269]
[247, 270]
[254, 271]
[254, 272]
[272, 273]
[262, 274]
[249, 275]
[272, 276]
[240, 277]
[266, 278]
[262, 279]
[272, 280]
[243, 281]
[218, 282]
[277, 283]
[205, 284]
[275, 285]
[134, 286]
[194, 287]
[272, 288]
[240, 289]
[194, 290]
[284, 291]
[230, 292]
[223, 293]
[273, 294]
[275, 295]
[272, 296]
[187, 297]
[294, 298]
[281, 299]
[298, 300]
[235, 301]
[289, 302]
[295, 303]
[249, 304]
[300, 305]
[289, 306]
[300, 307]
[215, 308]
[254, 309]
[306, 310]
[299, 311]
[254, 312]
[249, 313]
[306, 314]
[296, 315]
[305, 316]
[300, 317]
[305, 318]