[0, 1]
[0, 2]
[0, 3]
[0, 4]
[4, 5]
[4, 6]
[6, 7]
[7, 8]
[6, 9]
[5, 10]
[4, 11]
[10, 12]
[8, 13]
[10, 14]
[0, 15]
[13, 16]
[13, 17]
[17, 18]
[7, 19]
[0, 20]
[7, 21]
[19, 22]
[17, 23]
[17, 24]
[17, 25]
[23, 26]
[26, 27]
[27, 28]
[21, 29]
[28, 30]
[28, 31]
[31, 32]
[19, 33]
[25, 34]
[28, 35]
[35, 36]
[33, 37]
[31, 38]
[35, 39]
[38, 40]
[6, 41]
[14, 42]
[12, 43]
[14, 44]
[36, 45]
[39, 46]
[36, 47]
[22, 48]
[39, 49]
[46, 50]
[10, 51]
[31, 52]
[39, 53]
[1, 54]
[44, 55]
[44, 56]
[55, 57]
[40, 58]
[53, 59]
[44, 60]
[36, 61]
[40, 62]
[47, 63]
[31, 64]
[40, 65]
[59, 66]
[52, 67]
[32, 68]
[66, 69]
[36, 70]
[10, 71]
[63, 72]
[44, 73]
[27, 74]
[49, 75]
[50, 76]
[45, 77]
[66, 78]
[65, 79]
[71, 80]
[66, 81]
[78, 82]
[78, 83]
[44, 84]
[72, 85]
[83, 86]
[40, 87]
[44, 88]
[75, 89]
[86, 90]
[40, 91]
[90, 92]
[35, 93]
[34, 94]
[92, 95]
[55, 96]
[86, 97]
[92, 98]
[63, 99]
[28, 100]
[92, 101]
[98, 102]
[52, 103]
[47, 104]
[82, 105]
[98, 106]
[71, 107]
[106, 108]
[78, 109]
[108, 110]
[110, 111]
[42, 112]
[16, 113]
[72, 114]
[104, 115]
[92, 116]
[79, 117]
[14, 118]
[72, 119]
[108, 120]
[99, 121]
[46, 122]
[108, 123]
[57, 124]
[98, 125]
[85, 126]
[44, 127]
[120, 128]
[120, 129]
[111, 130]
[96, 131]
[120, 132]
[120, 133]
[107, 134]
[120, 135]
[98, 136]
[14, 137]
[111, 138]
[120, 139]
[22, 140]
[123, 141]
[46, 142]
[44, 143]
[120, 144]
[144, 145]
[144, 146]
[125, 147]
[46, 148]
[146, 149]
[146, 150]
[149, 151]
[151, 152]
[152, 153]
[22, 154]
[49, 155]
[153, 156]
[152, 157]
[86, 158]
[144, 159]
[44, 160]
[157, 161]
[96, 162]
[161, 163]
[153, 164]
[163, 165]
[126, 166]
[165, 167]
[46, 168]
[111, 169]
[163, 170]
[95, 171]
[154, 172]
[90, 173]
[158, 174]
[35, 175]
[147, 176]
[7, 177]
[104, 178]
[120, 179]
[111, 180]
[161, 181]
[177, 182]
[2, 183]
[171, 184]
[157, 185]
[180, 186]
[185, 187]
[94, 188]
[97, 189]
[157, 190]
[103, 191]
[83, 192]
[185, 193]
[176, 194]
[168, 195]
[85, 196]
[44, 197]
[83, 198]
[180, 199]
[164, 200]
[82, 201]
[185, 202]
[152, 203]
[50, 204]
[193, 205]
[165, 206]
[44, 207]
[193, 208]
[179, 209]
[122, 210]
[166, 211]
[27, 212]
[210, 213]
[200, 214]
[164, 215]
[208, 216]
[114, 217]
[176, 218]
[75, 219]
[202, 220]
[80, 221]
[156, 222]
[194, 223]
[194, 224]
[150, 225]
[137, 226]
[166, 227]
[220, 228]
[95, 229]
[196, 230]
[58, 231]
[153, 232]
[222, 233]
[176, 234]
[85, 235]
[0, 236]
[228, 237]
[72, 238]
[86, 239]
[215, 240]
[216, 241]
[224, 242]
[234, 243]
[241, 244]
[228, 245]
[123, 246]
[181, 247]
[160, 248]
[160, 249]
[228, 250]
[194, 251]
[244, 252]
[223, 253]
[207, 254]
[228, 255]
[107, 256]
[22, 257]
[106, 258]
[89, 259]
[252, 260]
[213, 261]
[75, 262]
[142, 263]
[260, 264]
[174, 265]
[228, 266]
[241, 267]
[213, 268]
[255, 269]
[149, 270]
[267, 271]
[167, 272]
[55, 273]
[269, 274]
[262, 275]
[267, 276]
[272, 277]
[39, 278]
[182, 279]
[46, 280]
[126, 281]
[194, 282]
[279, 283]
[105, 284]
[280, 285]
[179, 286]
[246, 287]
[274, 288]
[200, 289]
[194, 290]
[172, 291]
[198, 292]
[223, 293]
[181, 294]
[221, 295]
[219, 296]
[86, 297]
[288, 298]
[94, 299]
[174, 300]
[250, 301]
[160, 302]
[264, 303]
[279, 304]
[173, 305]
[288, 306]
[215, 307]
[259, 308]
[99, 309]
[303, 310]
[183, 311]
[19, 312]
[147, 313]
[201, 314]
[31, 315]
[277, 316]
[98, 317]
[172, 318]
[247, 319]
[61, 320]
[239, 321]
[223, 322]
[298, 323]
[260, 324]
[161, 325]
[265, 326]
[288, 327]
[279, 328]
[233, 329]
[111, 330]
[322, 331]
[277, 332]
[99, 333]
[262, 334]
[229, 335]
[323, 336]
[223, 337]
[244, 338]
[70, 339]
[265, 340]
[55, 341]
[247, 342]
[78, 343]
[291, 344]
[290, 345]
[223, 346]
[160, 347]
[330, 348]
[329, 349]
[328, 350]
[349, 351]
[277, 352]
[322, 353]
[329, 354]
[310, 355]
[111, 356]
[185, 357]
[277, 358]
[310, 359]
[327, 360]
[359, 361]
[219, 362]
[198, 363]
[360, 364]
[364, 365]
[354, 366]
[353, 367]
[349, 368]
[112, 369]
[226, 370]
[277, 371]
[289, 372]
[303, 373]
[322, 374]
[254, 375]
[365, 376]
[327, 377]
[336, 378]
[282, 379]
[97, 380]
[229, 381]
[235, 382]
[322, 383]
[354, 384]
[172, 385]
[322, 386]
[0, 387]
[157, 388]
[53, 389]
[138, 390]
[281, 391]
[71, 392]
[371, 393]
[58, 394]
[293, 395]
[376, 396]
[325, 397]
[22, 398]
[55, 399]
[157, 400]
[82, 401]
[360, 402]
[165, 403]
[91, 404]
[2, 405]
[325, 406]
[221, 407]
[361, 408]
[224, 409]
[265, 410]
[182, 411]
[396, 412]
[111, 413]
[364, 414]
[286, 415]
[384, 416]
[322, 417]
[310, 418]
[205, 419]
[343, 420]
[249, 421]
[402, 422]
[364, 423]
[272, 424]
[64, 425]
[124, 426]
[364, 427]
[349, 428]
[70, 429]
[109, 430]
[408, 431]
[358, 432]
[393, 433]
[215, 434]
[319, 435]
[189, 436]
[207, 437]
[32, 438]
[126, 439]
[174, 440]
[423, 441]
[414, 442]
[248, 443]
[361, 444]
[394, 445]
[354, 446]
[364, 447]
[93, 448]
[239, 449]
[393, 450]
[444, 451]
[268, 452]
[384, 453]
[303, 454]
[447, 455]
[14, 456]
[26, 457]
[451, 458]
[275, 459]
[323, 460]
[187, 461]
[303, 462]
[313, 463]
[413, 464]
[101, 465]
[451, 466]
[116, 467]
[400, 468]
[260, 469]
[388, 470]
[170, 471]
[439, 472]
[453, 473]
[281, 474]
[331, 475]
[366, 476]
[298, 477]
[406, 478]
[138, 479]
[441, 480]
[144, 481]
[241, 482]
[482, 483]
[316, 484]
[323, 485]
[475, 486]
[241, 487]
[416, 488]
[477, 489]
[324, 490]
[48, 491]
[201, 492]
[219, 493]
[349, 494]
[484, 495]
[322, 496]
[473, 497]
[441, 498]
[326, 499]
[360, 500]
[249, 501]
[368, 502]
[418, 503]
[193, 504]
[447, 505]
[433, 506]
[304, 507]
[127, 508]
[230, 509]
[447, 510]
[392, 511]
[14, 512]
[200, 513]
[292, 514]
[509, 515]
[361, 516]
[503, 517]
[131, 518]
[518, 519]
[502, 520]
[354, 521]
[219, 522]
[312, 523]
[484, 524]
[361, 525]
[462, 526]
[163, 527]
[182, 528]
[234, 529]
[239, 530]
[90, 531]
[498, 532]
[200, 533]
[345, 534]
[354, 535]
[187, 536]
[447, 537]
[371, 538]
[428, 539]
[527, 540]
[441, 541]
[44, 542]
[222, 543]
[267, 544]
[79, 545]
[447, 546]
[510, 547]
[150, 548]
[473, 549]
[334, 550]
[536, 551]
[27, 552]
[78, 553]
[378, 554]
[475, 555]
[52, 556]
[86, 557]
[259, 558]
[324, 559]
[487, 560]
[205, 561]
[451, 562]
[265, 563]
[447, 564]
[246, 565]
[140, 566]
[506, 567]
[532, 568]
[311, 569]
[258, 570]
[465, 571]
[536, 572]
[274, 573]
[349, 574]
[0, 575]
[475, 576]
[310, 577]
[168, 578]
[543, 579]
[459, 580]
[246, 581]
[285, 582]
[356, 583]
[285, 584]
[156, 585]
[535, 586]
[417, 587]
[52, 588]
[105, 589]
[170, 590]
[358, 591]
[574, 592]
[559, 593]
[489, 594]
[163, 595]
[424, 596]
[129, 597]
[12, 598]
[292, 599]
[286, 600]
[384, 601]
[566, 602]
[564, 603]
[12, 604]
[164, 605]
[289, 606]
[525, 607]
[206, 608]
[579, 609]
[594, 610]
[208, 611]
[63, 612]
[359, 613]
[123, 614]
[510, 615]
[502, 616]
[331, 617]
[447, 618]
[466, 619]
[362, 620]
[472, 621]
[423, 622]
[169, 623]
[265, 624]
[616, 625]
[30, 626]
[487, 627]
[446, 628]
[473, 629]
[447, 630]
[446, 631]
[441, 632]
[322, 633]
[447, 634]
[155, 635]
[358, 636]
[594, 637]
[447, 638]
[322, 639]
[625, 640]
[361, 641]
[205, 642]
[172, 643]
[525, 644]
[484, 645]
[52, 646]
[639, 647]
[138, 648]
[267, 649]
[634, 650]
[90, 651]
[323, 652]
[255, 653]
[432, 654]
[447, 655]
[262, 656]
[131, 657]
[327, 658]
[447, 659]
[513, 660]
[193, 661]
[447, 662]
[324, 663]
[167, 664]
[449, 665]
[190, 666]
[625, 667]
[613, 668]
[634, 669]
[121, 670]
[143, 671]
[86, 672]
[242, 673]
[668, 674]
[453, 675]
[450, 676]
[447, 677]
[279, 678]
[140, 679]
[668, 680]
[644, 681]
[561, 682]
[489, 683]
[447, 684]
[520, 685]
[610, 686]
[122, 687]
[680, 688]
[384, 689]
[364, 690]
[200, 691]
[402, 692]
[688, 693]
[596, 694]
[418, 695]
[458, 696]
[693, 697]
[693, 698]
[122, 699]
[359, 700]
[689, 701]
[151, 702]
[698, 703]
[364, 704]
[156, 705]
[617, 706]
[632, 707]
[634, 708]
[698, 709]
[709, 710]