[0, 1]
[1, 2]
[2, 3]
[3, 4]
[1, 5]
[1, 6]
[1, 7]
[1, 8]
[8, 9]
[8, 10]
[1, 11]
[8, 12]
[10, 13]
[1, 14]
[14, 15]
[13, 16]
[13, 17]
[13, 18]
[13, 19]
[8, 20]
[13, 21]
[14, 22]
[4, 23]
[8, 24]
[14, 25]
[13, 26]
[3, 27]
[13, 28]
[13, 29]
[21, 30]
[14, 31]
[13, 32]
[13, 33]
[14, 34]
[13, 35]
[13, 36]
[4, 37]
[32, 38]
[4, 39]
[13, 40]
[35, 41]
[13, 42]
[35, 43]
[31, 44]
[4, 45]
[14, 46]
[43, 47]
[43, 48]
[47, 49]
[48, 50]
[50, 51]
[48, 52]
[50, 53]
[50, 54]
[47, 55]
[45, 56]
[14, 57]
[50, 58]
[50, 59]
[1, 60]
[50, 61]
[61, 62]
[62, 63]
[63, 64]
[31, 65]
[64, 66]
[44, 67]
[62, 68]
[62, 69]
[66, 70]
[47, 71]
[31, 72]
[57, 73]
[46, 74]
[70, 75]
[47, 76]
[9, 77]
[62, 78]
[47, 79]
[69, 80]
[14, 81]
[80, 82]
[79, 83]
[66, 84]
[73, 85]
[47, 86]
[42, 87]
[82, 88]
[82, 89]
[42, 90]
[31, 91]
[82, 92]
[82, 93]
[4, 94]
[93, 95]
[95, 96]
[25, 97]
[96, 98]
[64, 99]
[95, 100]
[100, 101]
[101, 102]
[20, 103]
[0, 104]
[81, 105]
[101, 106]
[106, 107]
[101, 108]
[14, 109]
[80, 110]
[57, 111]
[95, 112]
[108, 113]
[79, 114]
[108, 115]
[95, 116]
[108, 117]
[117, 118]
[117, 119]
[119, 120]
[79, 121]
[120, 122]
[122, 123]
[48, 124]
[122, 125]
[108, 126]
[84, 127]
[122, 128]
[128, 129]
[91, 130]
[129, 131]
[99, 132]
[77, 133]
[62, 134]
[131, 135]
[127, 136]
[120, 137]
[128, 138]
[128, 139]
[131, 140]
[74, 141]
[120, 142]
[91, 143]
[75, 144]
[128, 145]
[131, 146]
[139, 147]
[129, 148]
[147, 149]
[119, 150]
[4, 151]
[64, 152]
[98, 153]
[150, 154]
[104, 155]
[59, 156]
[21, 157]
[134, 158]
[154, 159]
[101, 160]
[149, 161]
[131, 162]
[161, 163]
[40, 164]
[128, 165]
[107, 166]
[95, 167]
[103, 168]
[64, 169]
[150, 170]
[168, 171]
[149, 172]
[66, 173]
[139, 174]
[166, 175]
[165, 176]
[172, 177]
[129, 178]
[149, 179]
[150, 180]
[179, 181]
[165, 182]
[179, 183]
[101, 184]
[178, 185]
[181, 186]
[77, 187]
[177, 188]
[186, 189]
[189, 190]
[174, 191]
[82, 192]
[177, 193]
[174, 194]
[66, 195]
[186, 196]
[150, 197]
[172, 198]
[132, 199]
[177, 200]
[150, 201]
[54, 202]
[123, 203]
[186, 204]
[139, 205]
[203, 206]
[149, 207]
[184, 208]
[205, 209]
[186, 210]
[170, 211]
[200, 212]
[187, 213]
[188, 214]
[186, 215]
[165, 216]
[201, 217]
[132, 218]
[212, 219]
[127, 220]
[214, 221]
[217, 222]
[215, 223]
[221, 224]
[219, 225]
[186, 226]
[208, 227]
[180, 228]
[203, 229]
[223, 230]
[205, 231]
[25, 232]
[132, 233]
[154, 234]
[225, 235]
[169, 236]
[4, 237]
[74, 238]
[223, 239]
[68, 240]
[163, 241]
[212, 242]
[188, 243]
[226, 244]
[239, 245]
[228, 246]
[213, 247]
[223, 248]
[248, 249]
[249, 250]
[224, 251]
[246, 252]
[175, 253]
[230, 254]
[246, 255]
[245, 256]
[198, 257]
[243, 258]
[223, 259]
[256, 260]
[208, 261]
[184, 262]
[144, 263]
[257, 264]
[22, 265]
[250, 266]
[63, 267]
[208, 268]
[225, 269]
[84, 270]
[139, 271]
[248, 272]
[251, 273]
[117, 274]
[3, 275]
[250, 276]
[260, 277]
[268, 278]
[260, 279]
[106, 280]
[266, 281]
[206, 282]
[268, 283]
[97, 284]
[200, 285]
[274, 286]
[69, 287]
[266, 288]
[129, 289]
[279, 290]
[279, 291]
[280, 292]
[291, 293]
[235, 294]
[281, 295]
[280, 296]
[266, 297]
[270, 298]
[69, 299]
[219, 300]
[84, 301]
[86, 302]
[185, 303]
[288, 304]
[295, 305]
[217, 306]
[259, 307]
[300, 308]
[44, 309]
[300, 310]
[70, 311]
[148, 312]
[307, 313]
[288, 314]
[295, 315]
[293, 316]
[280, 317]
[234, 318]
[310, 319]
[285, 320]
[129, 321]
[264, 322]
[305, 323]
[144, 324]
[297, 325]
[288, 326]
[297, 327]
[323, 328]
[234, 329]
[286, 330]
[256, 331]
[323, 332]
[328, 333]
[322, 334]
[229, 335]
[297, 336]
[314, 337]
[287, 338]
[279, 339]
[327, 340]
[310, 341]
[107, 342]
[339, 343]
[314, 344]
[248, 345]
[228, 346]
[294, 347]
[337, 348]
[328, 349]
[336, 350]
[266, 351]
[203, 352]
[203, 353]
[192, 354]
[185, 355]
[335, 356]
[138, 357]
[324, 358]
[179, 359]
[228, 360]
[69, 361]
[224, 362]
[333, 363]
[228, 364]
[325, 365]
[363, 366]
[363, 367]
[285, 368]
[367, 369]
[369, 370]
[369, 371]
[323, 372]
[332, 373]
[341, 374]
[259, 375]
[209, 376]
[341, 377]
[108, 378]
[369, 379]
[350, 380]
[185, 381]
[341, 382]
[277, 383]
[298, 384]
[310, 385]
[101, 386]
[135, 387]
[382, 388]
[367, 389]
[316, 390]
[370, 391]
[391, 392]
[367, 393]
[350, 394]
[369, 395]
[395, 396]
[336, 397]
[367, 398]