[-7.0, -6.5]
[-8.486516354980976, -6.633823940717947]
[-8.487068297949024, -6.5969924537548]
[-7.851124356209664, -7.474056614922922]
[-5.901289408431375, -5.739474662152248]
[-5.012301812296683, -6.705228833000742]
[-6.086245760826392, -4.241201598793782]
[-6.149066595139917, -2.872449621578734]
[-5.5149239917684705, -1.356144946767337]
[-6.1632842450582634, -2.7380829636189055]
[-4.631679237965811, -6.520538652668847]
[-5.84265871723747, -6.087824257541379]
[-5.362186058066288, -6.888062487101353]
[-5.481208684082602, -1.3272208420398366]
[-5.387125822587316, -5.430760372739831]
[-7.977337907198787, -7.329189053523917]
[-6.454374712056052, -1.9880911827986325]
[-5.469207269829869, -1.3180896888726505]
[-5.496640369703884, -1.3116598286625634]
[-6.065146217397479, -3.7138961934505934]
[-7.929445503998904, -7.38014462276817]
[-5.867889673084442, -1.9294153014771405]
[-7.276082164463873, -3.006194307864603]
[-6.54870860532131, -1.8525103222991985]
[-6.690898449486104, -1.7335048764728176]
[-5.431602905440508, -1.292076980093909]
[-5.648421210010309, -0.604665538932221]
[-5.591877666122157, -0.5384116793976164]
[-5.374460652504884, 1.2952186056843333]
[-5.648802409121802, -1.3491339911002913]
[-5.454745961894401, 0.9128219126536499]
[-5.393747150715581, -0.18385810837028196]
[-6.257527098144762, -1.2716415179977043]
[-5.901999609054669, -2.720547216576096]
[-5.157725912260856, -1.2406518768293073]
[-5.59007142842057, 2.823367302008788]
[-5.367617870331155, 2.4003404123457615]
[-6.40855368621402, -2.9849373782992723]
[-5.776652142853416, -1.948675787897406]
[-5.716911651003894, 3.1098425498199607]
[-4.655780948833745, -2.513305327711748]
[-5.848109742099534, -5.741050712562144]
[-4.917761007511821, -4.680765710154655]
[-5.946075311970558, -6.94458981989959]
[-4.610357047179421, -4.456397997896986]
[-4.9509365784723505, 0.6899025673411449]
[-6.863987373333383, 4.5581706032521225]
[-4.689649895134945, 0.9747796193634076]
[-8.483357092039014, -3.9280207767071116]
[-7.187980201004841, 4.192531294856005]
[-7.864968663779794, 5.685354637424654]
[-5.828046559328073, -6.866411725318806]
[-4.727937040575631, 0.6774902847280591]
[-5.611276351508285, 3.0302034055708]
[-8.9889227688119, -7.48992461244256]
[-4.651351747616285, -6.175642956168173]
[-5.692461423858601, -3.483695346253325]
[-4.5442848066981645, -6.423430405120395]
[-5.672586774729668, -3.3362519172685405]
[-5.105119082854671, 4.388278146191446]
[-5.092974613134192, -5.962986091692914]
[-5.409580334075052, 0.46849826752806817]
[-6.172321869492335, -2.528877224951449]
[-6.141204988271835, 0.6825257516366626]
[-6.332701110685363, -1.345751955252811]
[-4.552313775380931, -2.732244206040844]
[-5.056340834078738, 4.440594830550705]
[-5.707598657829442, 0.8706509970724727]
[-6.265343203195343, -1.2792251109767492]
[-5.671567592610367, 3.732387751834596]
[-5.352491025211063, 2.2419971368687137]
[-4.600082566355842, -6.540157843502594]
[-7.621860867317005, 0.9616347637246989]
[-5.537769035622664, -3.5833971341799202]
[-5.758517634340664, -1.6865751947557444]
[-8.086076688783118, 3.629105797847752]
[-8.206063407638233, 6.466281595767338]
[-6.489327790115943, 0.9330372934823841]
[-4.981029449936502, 5.859938029705872]
[-4.828676462907748, -2.8239356221507483]
[-5.72675304778167, -5.941284021217275]
[-5.651546552060572, 3.5368268818791133]
[-6.370374168087157, 6.24164089646638]
[-3.527421073331669, 5.886972760417735]
[-5.276711540628808, -5.909488899888006]
[-9.025738681555202, 0.823809179879181]
[-2.4155583018974403, 4.603234804747103]
[-5.885381874626239, -1.9455567623114514]
[-4.977105010141549, -5.983456267386558]
[-8.916058258420616, 5.006973096318704]
[-3.420827758162614, 3.4744822798266384]
[-4.504252593868043, -2.4744549155268643]
[-1.9363118511137885, 4.028637201123652]
[-5.323064029306702, 3.85826617635346]
[-4.72263277352858, -2.084883569787107]
[-1.1005622882980426, 5.135455864738786]
[-6.132713714760608, -6.086792543894024]
[-2.4321328336273242, 5.787560400709025]
[-0.8667233652854596, 5.021421171333091]
[-6.774774041718746, 0.542168065544435]
[-5.61989952548527, -0.13954591530194432]
[-3.173814186600436, 3.867510622391355]
[-0.8509461681859218, 6.54647300759678]
[-4.328945478182412, 1.5881442018613035]
[-4.629867568750295, 1.048711115258477]
[-7.651914419969899, 6.1786660468219905]
[-1.1297370516201364, 3.50187736098707]
[-4.484997198333659, -6.484088917114425]
[-0.6177287573287314, 2.122469099616351]
[-5.665957001147784, 6.530102263146702]
[0.519705130241131, 2.7323560771340176]
[1.001422641493312, 2.781799023502058]
[-6.04545180444933, -3.794936608457617]
[-6.4513036610142525, -1.9872660003090763]
[-8.465819877501739, 0.8331497386582846]
[-6.334475785795502, 1.3513279114105454]
[-3.144982620741704, 3.590207011382676]
[-4.690823385951599, -2.6351702729394018]
[-5.559856321411308, -5.6126452305216255]
[-6.061729554885552, 0.8515666344931148]
[0.8931023684677941, 2.2415532942387695]
[-6.685272323197159, 1.2818960052120978]
[-5.308819533536187, 4.313003132007154]
[-1.608081024082586, 1.353076971473253]
[-4.545960478812327, -6.421188504840349]
[-0.7791184753771004, 6.489499411140947]
[-7.625386039967718, 0.766090455432996]
[-5.23959838561906, -3.6002365172917536]
[0.8925984941635047, 2.2416905678204326]
[-0.09112937530056663, 1.4338198229428454]
[0.08017285417569388, 2.1876893922615843]
[-7.641704105680798, -6.059896695596481]
[0.12410341682983937, 2.441637239299422]
[-0.47142624985725096, 2.8181638217631546]
[-5.378405472533622, -5.904563147201477]
[0.7044075177643503, 2.3030178911115073]
[-0.8662718896298709, 5.021900458672287]
[-6.4999760387583745, -6.465014992742041]
[-0.053215741157854345, 3.7920187045079405]
[-0.3821031750172436, 1.7323559108048527]
[-8.270247187420248, -4.116743682514053]
[-2.050152590322853, 2.7426717979557407]
[-8.395479016804769, 4.769587887926618]
[-5.248493424745632, -5.8422017415515795]
[0.07796648334168456, 1.3720396270420145]
[-0.7595190528004633, 2.720116777362204]
[0.7650542770976042, -0.05759262266320325]
[-0.43408816316240606, 5.115833696159034]
[-8.00098977463232, 3.931406371071716]
[0.7110110323626042, -1.5432851154815852]
[0.8005758184200561, -0.022282832988761634]
[0.8982411050773158, -3.1244483714910656]
[0.7883251909647919, -1.5776704925003568]
[-0.14126788376563607, -2.2731682157429067]
[-6.652970531107327, -1.6239876839285803]
[-8.705124504270126, 4.4070419033649255]
[0.09483613918064965, -3.0257716952218416]
[1.5014793179615917, -2.870993958090768]
[-2.963612798113173, 3.161883285700583]
[-0.9501061943744769, 2.461232825249879]
[-5.459934091114448, -4.064297549472936]
[2.036205086778721, -4.3204920685799655]
[-6.238261265194732, -6.069757748103868]
[1.9199567410853473, -5.855594871921578]
[-0.14289074888263958, -0.9115432438328653]
[1.4837146636610687, -4.7502127614353125]
[-7.941379726472439, 1.1451108058370232]
[0.7911940137911989, -3.493407126519373]
[-7.779737059161436, 5.788713358598191]
[-0.24295023884521844, 3.334610835109895]
[2.2512989335036018, -4.794718350318542]
[-0.5744457589615357, 4.527298449611305]
[-6.680713896944892, -2.375887614554878]
[-3.2755963264280537, 3.5987034997349276]
[-2.868820759579558, 1.5289728991231464]
[-5.566276385162052, 1.5354069150100744]
[0.3497429979447436, 6.424112417898909]
[-7.061722366636565, -1.6328923543042833]
[-4.659785596636876, 1.1170935165251121]
[0.9742827024798324, 2.1678436936510903]
[0.10062564114862989, 3.8390981905571264]
[0.7788179460973804, -5.136127654201762]
[-8.153692948177971, -1.430493766925999]
[-7.8166115159505765, -5.1805915623377015]
[0.13581213499888387, 2.921044107815102]
[2.5899288422155844, -3.8832006159005727]
[0.5366730641181086, 2.4614451061850238]
[1.3416935340435534, -3.1115654238561885]
[-4.674644071916611, -3.088164785752738]
[-3.8294812606585262, 5.5755343051359185]
[1.8002712078213023, -4.032567165319165]
[-4.1978378053440055, 1.570755347516262]
[-2.032985568391307, 5.394489823797909]
[3.241152454478341, -5.2847227414317555]
[0.2027339947850879, 4.917700088201257]
[-7.833623243342736, 5.729655191742257]
[-7.849604423339639, 0.5280952988715677]
[-5.298418307576087, -5.722317356134518]
[-4.754104028066139, 5.768860991304818]
[-0.4249808899450622, 4.200842950963466]
[0.16805948919188923, 0.684773545885203]
[-5.4722645516629225, 5.655528152696927]
[4.009923321161404, -4.495465301811623]
[0.700000491021837, -1.4354321499739962]
[-7.6084929619962685, 4.196010602106521]
[3.458317877925185, -4.866087478056197]
[1.4062919913097363, -5.2644361323455175]
[-4.661234987440817, -4.517917857999485]
[3.4071466065264833, -6.476039559944886]
[-0.5340536438642545, 2.4525902344137767]
[-6.608941943641359, 3.441616756219337]
[-7.77353534200461, 1.060170542512671]
[-6.044400644533845, -1.5498677481342797]
[-7.920727466605529, 3.2401616743334007]
[0.25035956561732076, 2.1648773836361306]
[0.7170123046733136, 0.3330156263445748]
[4.082989186774959, -7.455459161137899]
[-8.476374331749742, 1.0226213986047923]
[0.411749317526563, 6.671296864943562]
[-6.642967341930284, 2.919563040901916]
[4.08199265033282, -4.5576216166629395]
[-5.067586570619255, -7.1424511938382835]
[0.8513687633429559, -4.084838059714442]
[0.6880067405330097, 3.5432210340596737]
[-1.065899426791865, 5.513517875247152]
[0.5507245528484624, -1.245455736649762]
[-6.800647114227469, -5.078649219409474]
[-8.0978482351609, 2.6670361920132146]
[3.466735927824029, -3.625379319571373]
[-1.2677405637765415, 5.291444266373848]
[-8.066911982371698, 0.22233902489176494]
[-5.209745138271611, -4.784248583222961]
[0.12687601119408465, -2.8761118356858506]
[0.8681512457563237, -4.061503369268773]
[0.30826387628449825, 6.338310494753724]
[-7.708663212994254, 1.73849397122324]
[-5.918168002867684, -5.810447984031789]
[3.3385879626620754, -4.123731162375373]
[-9.03861512986944, 1.25998123677727]
[-2.1350088729572634, 5.919927237522805]
[0.3446388020310279, -0.9758621641063235]
[4.510248799426199, -7.081910444653714]
[-1.9560270911887223, 6.5443761661529845]
[0.5831015932392262, 6.538803287362924]
[4.227608081824424, -6.452284439329844]
[3.4445484744501926, -3.6583442379397555]
[-2.185277514622597, 2.621969713915244]
[1.258734751482498, -6.619468821023001]
[-6.776287465645101, -4.75911578061674]
[-6.438601006041603, -5.246567700557749]
[3.3945003634372064, -3.7833792131204285]
[0.6597978250449943, 4.383440616659308]
[4.284699538731882, -5.0081318688055605]
[0.7152533184191149, 2.2315473769997007]
[-5.363196073569467, -3.8192329891626082]
[3.921830882058906, -2.187368322291865]
[-5.780529321168111, -6.389744660422738]
[-6.742262884899239, -1.3193086407811274]
[-0.3993206618767115, 2.409818264449945]
[-8.916024924740606, 5.006960202017777]
[4.264445004663009, -5.485703326180456]
[-6.913855071095609, 2.1216898794073384]
[-8.033562216401341, 2.3257012932623535]
[-7.094242491184778, 4.231545274291263]
[4.611327500193311, -5.592360478472738]
[-3.791296736486666, 0.6651498692057609]
[3.436467940318689, -3.670461867912247]
[6.101017902954645, -6.823579937200997]
[-7.649034937570277, 2.521748567692619]
[3.6229295050453696, -1.8499139724648377]
[0.24828527273002307, -0.05239941144567915]
[5.52823130193927, -7.506809998725886]
[-0.3155345990325328, -2.677598117201829]
[-4.536003369185916, -6.326672950234343]
[3.526964896961023, -1.715296238663517]
[-7.4596427303961494, 3.851221970848294]
[5.931557473846055, -7.52757617518466]
[-1.3722772738530054, -2.278546618712129]
[-5.593172706471444, 3.3430356251240783]
[-8.260807321299762, -3.1768647072367906]
[-6.562248670434943, 4.532615501998375]
[-7.04150294169329, -0.690585979466412]
[0.6015242721076591, 3.4154141868165797]
[-7.684394745850735, -4.627464122408564]
[-7.644508307715706, 4.884661509104583]
[-7.15145610200564, 5.111751306573344]
[-0.8900467941590089, 2.067058591328983]
[-1.6856860056185194, 3.9397335361191743]
[3.4679420122401075, -1.6069553610570793]
[0.37878458725158703, -0.6123981448360504]
[0.8412766038946525, 4.216212142889896]
[-8.164497842113127, -2.260544515095046]
[-4.807447833425115, 5.474437396423202]
[0.28452971464845184, 4.845085900402111]
[1.870266852190249, -6.091216076171504]
[-6.455625907755037, -7.322975011868373]
[-7.820214645400565, 3.2218689996932217]
[-3.102689004782968, 3.240087898288865]
[2.8783499805878305, -1.048815535803148]
[-5.6083136783172725, -1.2126433895519286]
[-2.518806854105428, 1.788702419874694]
[3.5424551057044145, -3.3217413962574036]
[-4.772414589621006, -3.1111361219889684]
[4.475377385220912, -4.19834244396218]
[-8.770331079597941, -2.6176425122634823]
[-3.7693928690068885, 3.199315028683295]
[3.127481572731166, -1.2373666865133763]
[0.36812930746254086, 1.6748261966546616]
[-8.115181680837939, 6.164700844111045]
[-8.20530457115802, -0.641734494217061]
[5.583457086397316, -5.2508375726637695]
[-6.529942496445368, -6.009232062108834]
[-5.274605419995808, -4.730192666401732]
[-0.9707252210698952, 3.5128042774114285]
[-5.578897161032572, 6.008781127253366]
[-5.316371799769357, 1.2938867448232783]
[-0.9535314462432788, -0.7698712218620616]
[-0.8222269843505323, 3.2350920204889335]
[-7.351440747929554, -1.1416594970574732]
[1.9556108240605914, -5.196216342703527]
[-4.968262671137406, 1.8592598409461711]
[-2.3668058886486447, 6.1766695785902135]
[0.8801677652396832, 5.077636021532353]
[2.0380719006557926, -0.4050897899820154]
[4.052030194674393, -5.573234607425558]
[1.8954125045642136, -4.945128080938253]
[-3.282021982266561, 2.1235969840778655]
[2.9276582885336104, 0.009332215938494532]
[-8.850280982783868, -1.7099450664302143]
[0.47929860854542916, -5.141853119310115]
[1.0352080526852512, 2.443223534949506]
[0.9188062796738009, 6.577601200216856]
[-0.3649765834766803, -1.1732056243143016]
[-6.665395584146187, 1.3458966374432026]
[-8.950268691865938, 1.9645091524172538]
[-0.5693333599547948, 4.940078810991882]
[1.6386620633288298, 0.7066189741649213]
[-0.18604621527585224, 4.484961011625272]
[3.639919516036635, -7.5392647470764755]
[-4.766056056012593, 3.9726552194254316]
[-2.676402133236693, 1.4127894591260857]
[-6.142815908338614, -5.988542441654074]
[1.6484200999462897, -6.298302482201399]
[-6.500798782738559, 6.186354597930803]
[-8.935129538260055, -1.7031502125487843]
[0.00401425287675106, 5.162373995642198]
[0.5984038835894407, 2.160578039665209]
[-5.027724686336061, -2.3324194328922903]
[-0.7701065633807185, 1.1554045234913313]
[-0.8618408742481035, -5.786064524577821]
[-8.574053089163368, -2.3516820667380447]
[-0.8067210160430465, -5.813831802434892]
[-1.8750138797073417, -3.2994620794137495]
[0.9994619228115256, 4.484614962946165]
[-0.6473331105568338, -6.222759049692946]
[4.273657165296243, -5.816514020331399]
[-0.39464463105241715, 2.636943910958502]
[2.9296334092781455, -4.191598401200579]
[-1.6150755438958517, -1.1885204128882976]
[6.938596455491617, -4.721062697278999]
[4.343972955166602, 1.024134764544479]
[7.986372645603618, -4.294958848562283]
[-5.699795618118793, 2.822849950633416]
[-5.002690836040596, 6.559694567362251]
[5.657871424686807, 0.4037651693564187]
[5.822712057795632, 0.6617666958399108]
[0.5003368706794584, -5.648725032569255]
[0.976508624253092, 4.415902437568136]
[-0.754078626277492, -5.890449207559214]
[-5.728200747423032, -2.3713103171963175]
[-6.305930326251081, -6.56643417273323]
[-1.8644012664199014, -3.7383625559417974]
[0.8828666231484287, -0.7401765041647407]
[3.3795197381950004, -3.9414947146807573]
[0.7577177042732902, 3.6221493081320526]
[-4.808597894397366, -4.065415226374725]
[5.80647947563077, 0.7605032147031886]
[2.8621014761969628, -0.06100995972734853]
[1.759251143185138, -0.3601810085807571]
[0.19296505894167332, 3.1535082050165966]
[-0.957441683541453, 5.317040871349663]
[-1.3979200762154476, 5.3941824886546526]
[-7.579681213267915, 1.4793073320494288]
[0.6056114957447607, 3.683843282358513]
[-2.1120609533341543, -5.985471664547698]
[-7.698270581501976, -3.0571679486335075]
[0.5275098142969595, 3.6062041975100545]
[-8.21210085660661, -7.110820171151221]
[1.3186832331693068, -2.6840621712908863]
[-5.678323502805657, 1.5013530144447298]
[-1.394417757859269, 4.415837759727481]
[-7.123139964632017, -2.213828557392906]
[-5.35373655595642, -7.429938337350872]
[-2.089002625032835, -2.7441053837734772]
[-5.680480352177686, -3.3281447635469315]
[0.8857060572601748, 4.043609203096712]
[5.7756026579511355, 0.9090190057890012]
[2.179941967513232, -4.977707826469994]
[-8.435881021389642, -3.9664875843103617]
[-4.932230946370142, -6.012104532633888]
[1.2184850546243644, -2.571845563438103]
[-7.809728617352166, 6.64948610052567]
[2.913963092689964, 1.5995976316642968]
[1.4576397849937424, -4.6170326789665666]
[-5.3055435599225635, -3.4041307898205457]
[-9.013121492491955, -7.0452734414134985]
[2.088913323908802, -6.856485590172734]
[-4.574843571267101, -7.2404140506276375]
[9.719562298104217, -5.016811068981561]
[-2.869162364916037, 5.630681603425373]
[-2.380693095649037, 1.2663557062644824]
[-8.091234190735287, -2.8725088213915604]
[5.770670912365704, 0.5369034992990039]
[-0.393548515444857, 3.159850405088487]
[5.938671213617168, 0.9466776051609601]
[-1.9887678578838988, 1.9089503788622528]
[-3.562533979456036, -5.579857741702554]
[0.866215157675223, 5.516502240398751]
[7.0903166642755995, -4.887766411884676]
[2.8423407274047148, -4.847070100781404]
[-5.14020381478783, 6.100757445052016]
[-7.583282494523673, -5.81932827268159]
[1.6663015014563207, 1.14081994037589]
[4.334405525106215, -0.37926442896778395]
[1.0965146443929052, -1.912927988373142]
[-7.406183120817484, -2.365097591560513]
[-4.569300679371457, -6.423635032123582]
[5.813263723480249, 0.880635483037729]
[0.5860365898672563, -6.372016710863482]
[-4.551624798738238, 1.8921594212390451]
[-5.779380419024421, 5.001645960714088]
[9.246799932082872, -4.318444856561323]
[-1.0041982054462377, -0.9715411648580142]
[-3.166050183240023, -1.3781442505180976]
[0.49247565227543705, -0.9073253927907616]
[1.9640248190637226, -5.2041617939977165]
[-2.8942429302165578, 5.772088753480051]
[-4.941972084642497, -3.951423575880041]
[-5.686351813189934, 0.16601416340502637]
[-7.580239715661063, 0.7201692770239595]
[-2.382963777803093, 1.8438177525059083]
[5.686550269872405, -0.6785454212011206]
[4.899233179796686, 1.1972383375174918]
[-7.8054378346593385, -3.7076769996083367]
[9.400122964887633, -3.7153488342739402]
[-6.019655399073263, -1.735019565357882]
[0.8029885664529889, -6.614825347918949]
[5.796814757314356, 1.1246833523766215]
[-5.285125909532338, 4.070342129495156]
[-0.2665996441560829, 5.541216490188039]
[-1.263196946754188, -1.659957137340672]
[7.90495298325161, -3.493292608606575]
[-7.280558588975032, 2.4517965364026355]
[-3.5254914148031054, -5.5323154141496005]
[3.0490931650276636, -3.656725271464323]
[5.8900275476322586, 1.0238671359319171]
[-6.405941518055642, -6.585841129738896]
[-5.9130123838576285, -1.0711629213884053]
[9.300155644004331, -3.8971097653530378]
[-8.16724380172333, 5.568101380434275]
[1.6130669726172342, 0.8868571224677958]
[1.9071328753084857, -4.517110535785561]
[3.944998919677407, -2.806639967776275]
[-2.0470098930356584, 3.2962165267350283]
[0.6059468350876458, 2.071568963446546]
[-2.144857514737125, 4.718783957969569]
[9.415644213126065, -3.598253912164909]
[-3.664776275664198, 2.1527902317601333]
[0.5355058608423828, -1.276375392265656]
[4.411112300375541, -5.49940766965049]
[1.6160172032606173, -3.3954080906497315]
[1.197267764015576, -3.6989110241959127]
[-6.028617046891893, -0.27712630787314696]
[-3.7569300154581806, -4.33795042070702]
[-6.344438534383795, -1.792726841133368]
[1.0625261477786652, 6.113345210194141]
[1.9121630130168963, -5.030763375956754]
[2.2740703373438977, 0.007399547265195433]
[1.934062054520612, -5.316515601499639]
[-0.10590387475281353, 3.840263161601551]
[5.866445392900335, -0.38319627207428314]
[-0.8855861094283284, 2.1273227672732764]
[5.36802715391159, -5.540543545055261]
[5.795506492741147, -4.34153714077785]
[-1.6906402188476195, 0.40857466380799]
[1.686213810283639, 1.0338414055573921]
[-0.1566945597282594, 6.494701786213248]
[6.227519494701545, -6.795997792980093]
[-2.1425719783630597, -6.012244735768246]
[2.5737453747074968, 1.798281227732374]
[4.648648283742898, -6.698154574647865]
[-7.06682152928626, -3.6450619742043653]
[-5.2684178581899, 5.416323999289377]
[-5.842873062075966, 1.6960116054035297]
[0.4316406796609349, -5.824966314504895]
[-0.8302607382718777, 1.4755263272801917]
[0.024623717629409417, 6.00286733316885]
[-3.474212595834381, -3.210196930114882]
[4.379466863823122, -1.01172599305035]
[-3.2533131413866063, 2.193678574382505]
[5.113110788708474, 0.07137406573554614]
[-6.438436756427701, -5.246704813599319]
[-1.2256368845039263, -4.9741580683507545]
[6.582154691553039, -3.8635785343429867]
[1.8936615645150543, -6.059357936468408]
[5.172653256073217, -0.263078219431255]
[-3.9430088978871782, -2.2791055633569997]
[-7.902283864138539, -2.428381517057611]
[-6.6248675144059765, -2.9915451538362325]
[-7.413786163873247, 0.3257569486710127]
[4.579589381976861, 1.3787202417089295]
[-5.352398777699553, -7.431692530427332]
[-6.272094041835051, -6.761031227859869]
[0.3982907068537232, 2.1755110624917813]
[-4.795502327955777, 5.2474789406983815]
[-6.951476906920588, 1.4528747426588131]
[8.038664129691526, -4.22477207798827]
[7.1795784176905135, -5.500506609711371]
[-7.507865237314025, -6.2490127587525315]
[-8.016088187268737, -6.04349873266498]
[-0.6436800127074145, -3.5148364688922604]
[0.6322813672679666, -6.367905969527683]
[-7.44924783138504, 3.754480907654612]
[-6.060720779441712, -5.782520769014214]
[-0.5660300608104779, 0.1661303959517509]
[9.482773141124737, -5.326451386350485]
[4.068593399150627, -4.2129802861524706]
[1.9226507840927833, -5.862189830883584]
[-8.304001792146755, -2.9610815474543144]
[0.8115510178292117, 6.615841511293339]
[-1.2556458611697212, 5.158254233175273]
[-2.7511920256552935, 4.428499132441411]
[5.5767632072745865, -2.0498150439627003]
[0.19033770502717232, 0.9077745988107792]
[-0.4777425130666164, 3.6244302622835556]
[0.30764226358972907, -5.707097885865554]
[0.19792449142617558, -2.1717293157557136]
[5.136854294623013, -0.18833925641100385]
[-1.6264741319757234, -2.639418611896974]
[2.183445365365732, -6.642369982813275]
[1.3781734018033966, -7.245861190787058]
[4.5442515666228385, -0.641377379209472]
[-5.102884963218031, -5.033057638527601]
[0.20101309441016268, -5.375652111286017]
[5.765426095430287, -5.791352203095623]
[-4.954490986980787, -2.8894111012366372]
[5.697630413727105, 1.0180317892921877]
[4.716593791418656, -0.07461141236923803]
[-0.26400746650826157, -0.5202713561168827]
[-3.708354290035121, -4.2959362049846295]
[-9.08939098659032, 1.9788754266940118]
[-0.7580507180150209, -1.0845153398100118]
[-5.806170896204386, -1.4588010573524663]
[-3.7840076250464607, 5.536448327074313]
[2.136682128233044, 1.0715062449090622]
[0.04095241928001922, 5.761674994377114]
[-4.517121213170099, 1.3813859681608727]
[-2.5472660449974263, 5.8218231364796145]
[-8.889397771943363, 5.044274010641168]
[4.3040382133009105, -7.128880775477126]
[5.397917556600028, -7.4625864476110255]
[3.597824886902395, -5.010436513680654]
[6.709123873468282, -3.090724430278765]
[-3.5223903709330893, 2.130223827170927]
[4.726180324241556, -0.09982563937708999]
[-2.2657612661406636, 2.385277220983929]
[-8.779309050143503, -5.543040774636982]
[-3.9517034462357303, -2.268654686945546]
[4.457205498026772, -2.8945957945806544]
[-5.383581694568655, -5.161105499961837]
[0.9500499234164924, 2.069104001747197]
[-2.5433041794647204, 6.128459688115885]
[-1.2049859123348403, -1.4959360499951275]
[2.308771375757098, -0.30502965740982696]
[0.4718461627431679, -6.283050229658139]
[-5.474326190228585, -6.495781009491846]
[0.5007119351278599, 6.094244292530719]
[6.571527350839747, -4.087943259408472]
[-7.888410736730297, 6.570485725839563]
[-1.2805771035917366, -5.9903934246267]
[-8.93516437505903, 4.492747460452851]
[-3.4068763898366394, 1.783833514007578]
[-8.048745989160878, 6.298605153998153]
[0.8556562902366432, 3.1901043534631737]
[-8.462983269933488, 5.299086858636416]
[0.3454371608314038, -3.483026855652447]
[1.9705189080579835, -6.215743088774284]
[0.6534387387096267, 6.6125217901665785]
[-4.271860162046786, 2.2233203050763226]
[-6.716327857525604, 6.643101553516399]
[3.0989975399777276, -6.067658792933833]
[-1.6161814261295255, -1.1897327530999038]
[-0.4699719511689189, -6.106275282878638]
[4.37976183475031, -7.0477238573945185]
[2.3174027354947464, 2.179733653024581]
[1.0223925147022277, -6.782069698980026]
[2.3793864017906343, -1.8089250441692528]
[-1.2611005974464733, 2.3394373961169634]
[-6.965421785472917, -7.368254963752212]
[-4.119972006837211, 5.361654856974792]
[-1.9629052340775537, 1.103438885152976]
[-0.6918880768666983, -6.438593667629715]
[-7.973082132227447, -6.868399732025002]
[4.743112887120554, -0.3189504152702923]
[-5.54591425825501, -6.699462289763797]
[0.4755919164565043, 0.5439032711697632]
[0.9809400092377212, -0.4806740132135469]
[9.834726566598214, -3.857663159790444]
[1.2172186762950068, -6.730931042759629]
[-2.071647048298429, -4.674760236451768]
[2.0804761254900193, 2.4552122086213153]
[4.8951048868957, -6.824599898230567]
[-7.543525723372682, 0.7302037640464151]
[8.213147225846447, -3.948198571633353]
[-1.7600150788700486, 2.3342731507911667]
[4.623407296819515, 1.1582817080820729]
[-1.751971582739652, -6.539011632808674]
[1.0264410407161384, 5.87600005026483]
[4.278007950566272, 1.2242654431397957]
[10.050535264779555, -4.745732201283495]
[-5.07856496392042, 1.542296178180897]
[-7.124346825177858, -1.3089194731740934]
[3.2383887478206743, -0.7456345195192084]
[0.7710514365411618, 3.698628836602719]
[-3.0585302420814333, 2.0026430018740093]
[-1.103074057009893, -7.061761945766618]
[-6.159710727677441, 1.196509177525559]
[6.598675320836895, -6.050889852025237]
[1.846893750766413, -7.0296576461298175]
[-3.8906405029596036, -4.487552271330668]
[5.796748899818955, 1.1184768799905453]
[0.802244313328675, -6.615163061013098]
[4.539045911082168, -1.6186465862884463]
[0.891736899370735, 4.800210895940354]
[4.5132404936276656, 1.6364727506117684]
[-7.425622029602679, 4.9235709723301095]
[-1.8575561741946724, -1.278345874302048]
[2.0394914847521974, 1.9692332545634172]
[5.842649242611304, 1.0575766711188943]
[0.6452294223882687, 4.3946589971842265]
[-1.295268524899402, -7.457333764488895]
[8.024912908743872, -3.7605318579986324]
[4.209832747832089, -3.595858096066084]
[-5.28088305357156, -2.201328855455769]
[9.425490445820655, -6.6197518409898795]
[-0.68208057284973, 1.2164609533420805]
[-4.642733134664854, 0.7951312661907316]
[0.3539939130747786, 2.857684926065164]
[-0.024487446150873043, 3.7695016576737643]
[5.611740981670243, -7.512622961398382]
[4.895429699114531, 0.5674815323584443]
[-4.38513460479308, 2.35136714405888]
[2.332273549295315, -0.8209878029403643]
[3.338536819335643, -0.7246584573621886]
[-0.6166870048649616, -2.062260656774338]
[5.814204710383059, 0.8676019234477859]
[-8.90825131490363, 1.0455455989040574]
[-7.888083498254039, -6.09945003567413]
[1.676704006296402, -0.5643985889700376]
[5.804789747470224, 1.0920395934703593]
[0.5415093274882165, 0.7956940887229779]
[3.4908775935190106, -3.499141627565568]
[4.994136427251424, -0.171270096890193]
[5.158122360473566, -6.478338120319034]
[-0.6854227737517822, -2.851202544282315]
[-1.654169140393428, 4.826493320743838]
[1.8002767345326385, -4.032608753592807]
[-0.871290120666327, -7.183714028781761]
[8.911188431031091, -2.510553368968464]
[4.790586571201709, 0.4810504146443302]
[-6.327377649918925, 2.682420328106928]
[-4.732261871470564, -4.576451299906365]
[-3.376042369542692, 3.497062442778701]
[-3.442736396082087, 6.222564381712396]
[8.496614049779138, -0.9976821954925936]
[-3.94525553948791, -5.235316730292254]
[-0.6883853026229737, -0.47402682783709205]
[5.823733358428341, 1.062292519483909]
[-8.965229955146613, -1.873109373325574]
[-9.098969188259714, -4.62210417764122]
[8.761875098564367, -1.2218273698343998]
[9.425457283055312, -6.619510669410033]
[3.743109402245396, -6.427131148030731]
[1.6619484191650353, 2.7889831553244693]
[4.499998707055743, 1.197145121454828]
[-1.4021171748066459, -2.451936679971404]
[1.6975213439890462, 1.5645348758011755]
[-6.038228625648315, 3.2301122277422536]
[10.084030861955588, -1.4541907110210952]
[-2.9522137171481106, -4.7882783345988456]
[5.313743751427333, -1.0522088337736974]
[0.2986887858198098, 2.1688258666420652]
[2.1831598286880576, 0.0905072191412774]
[8.857488630820386, -0.7721485092296023]
[3.3475230201026593, -2.8737191574955636]
[8.383102253774684, -5.738384027899919]
[8.248253544792293, -2.803678799240971]
[8.993251895102508, -2.180386693760554]
[9.067611764934048, 0.8122949609303972]
[-6.3663976760663905, 3.2948877257528753]
[6.27701680902543, -6.0762338813480445]
[-3.806845247318747, -5.348710605478369]
[0.8985227246482766, -3.126046713900367]
[9.51714201694595, -0.6405980968491378]
[5.474024167289625, 0.16848292323547867]
[0.7305603156832001, -4.622460264577187]
[-0.25643432815546024, 5.939682263142052]
[4.671951243751246, -1.4841498594797482]
[4.473225394809913, 0.8847791278238026]
[8.493414236725583, 2.31610942660799]
[9.117918425055445, 3.6436330530713787]