[-7.0, -6.5]
[-6.109034561077915, -5.60181370204203]
[-4.837803942511882, -6.444536370922244]
[-6.306967944318654, -6.656412672213695]
[-6.3256960394723185, -6.73448531399279]
[-6.387559468860386, -6.689083364835503]
[-7.146989454109766, -5.878308823957986]
[-5.148125269025304, -6.775929326210503]
[-5.599321077059344, -7.5309689704211715]
[-7.694877171514684, -4.3929358391653235]
[-6.103608246120518, -5.607627063053055]
[-6.035230700871374, -7.289019766488367]
[-6.34513033138834, -6.533088299493574]
[-4.9110143707172735, -6.4974103821834]
[-6.3750963738336015, -6.776186153273588]
[-8.62752072492075, -5.607535757658268]
[-4.427880414175363, -6.348307651555301]
[-7.635676196646337, -4.480502946407437]
[-5.377765938281818, -5.521464346815889]
[-4.517273327219665, -6.253615361042194]
[-4.61102891109455, -6.124070312022747]
[-5.455800911225322, -6.160952961305934]
[-4.64423921053171, -6.127801383654282]
[-7.097320617783114, -3.360146391431379]
[-6.693267588532874, -1.698540800735391]
[-8.048709722114365, -1.2719239537413298]
[-7.822234993377125, -0.9939128308684513]
[-5.391557160173479, -5.7901902132371825]
[-5.684535329147625, -2.7245825782708826]
[-7.474650646839323, -0.5800272787441448]
[-7.041288700432798, 0.5478853942050724]
[-6.879868964240772, 2.059089872011191]
[-8.291627534618708, 2.640995641888363]
[-8.122620471776694, 1.9361487674388065]
[-5.6890244800056955, -2.0945693782275296]
[-6.757446701568687, -3.4618908996785076]
[-8.536377588979821, 3.324466686398057]
[-6.488082239839596, 1.7600690948353908]
[-5.944654947816626, -0.21243475842074305]
[-6.3464204226406915, 1.6309755369786523]
[-5.67866495765438, -2.0941944951335123]
[-6.117695133319668, 0.19458286073122477]
[-5.267871056779299, -0.6805662821152885]
[-8.374258633311294, -1.0633893066920979]
[-5.610607393193045, -1.1937793119842568]
[-6.481916758031213, 2.356127010146655]
[-5.533254115285994, 1.2990772985310044]
[-6.257912389287546, 2.0812606512018204]
[-5.428587408575679, -3.6701228713974863]
[-7.1446447574950565, 3.782473748179243]
[-7.789577558601893, -3.4616986129434753]
[-5.602278273578855, -5.634885160199284]
[-4.701321821375897, -6.288080654710892]
[-5.419612804227566, -3.6861032510459806]
[-7.140896818436347, 3.250562070661374]
[-7.977729399718711, -7.461162500434013]
[-6.550107893100576, 2.355670140296212]
[-4.681166536277919, -1.0681983685522334]
[-5.4972144654769615, -1.2712740375066205]
[-6.6895004878295845, -1.695123808764143]
[-4.464795744139617, 1.7097372199462795]
[-6.097462153731881, -0.6243167535197003]
[-8.955003843550145, -6.963690323919221]
[-5.747694690792319, -1.660721293886974]
[-4.677588306033598, 0.21131401414390144]
[-3.680813000216107, 0.32402635882266806]
[-4.968663898530956, 1.5156096175908282]
[-5.604535082186261, 1.904882447979587]
[-4.977091452523668, 3.042765162913091]
[-7.74595030811352, 2.182883128825908]
[-8.25689764554925, -1.7130518479478383]
[-5.489378400543856, -3.8718544595280604]
[-7.899915852911978, 4.523625529004133]
[-5.699814237547417, -5.682018047419315]
[-6.230705036777978, -0.9469337921220707]
[-2.4623584860217402, 1.2363949052508898]
[-6.117455577962471, -4.9528383043589645]
[-2.432295203604165, 1.2596544288263414]
[-4.637374249812169, -6.639595251075248]
[-6.077571746388962, -2.171713534383848]
[-4.8728286629321, 0.36366159031882694]
[-0.7840532249128402, 1.4826149343985826]
[-3.013840486637949, 1.1350589430224702]
[-1.9070237636628848, 0.4930421432221163]
[-5.638204647065816, -5.0861404442291445]
[-4.242080161402416, 4.4170188432215225]
[-6.986675413004803, 1.0638357520412154]
[-7.32753432948393, -4.849897292888022]
[-2.202949550084795, 2.005276675966802]
[-7.07611679893931, -4.701674982567001]
[-5.9760703472754315, -5.145821217118744]
[-4.649104881450997, -4.621435612513229]
[-4.828673244997888, -3.238129452870671]
[-0.11101437952144345, 2.7029412135365094]
[-1.6250935964170046, 2.725439202663695]
[-4.636964198801915, -2.567668466868127]
[-2.2181898834806413, 1.343681168215601]
[-3.8817677104085835, -0.15273884517455033]
[0.8484215116218518, 2.6550845814499]
[-9.102414101427094, -6.945854711906237]
[-0.005964453697539595, 1.5574249502490158]
[-5.680495891951339, 0.5935080714884385]
[-5.225841011607305, -3.167933523628133]
[-2.683700024339238, 2.1394702947774435]
[-6.9422234693134595, 2.2825189309676994]
[-8.83916304435968, 3.2199148757320586]
[-7.068012934554775, -0.19850687227551234]
[1.048803184404528, 2.6879268029271355]
[-0.13243068000506808, 2.8322483301346235]
[0.6692091782518983, 0.21988234959390296]
[-1.1276313192604905, 3.188929570087002]
[-4.205145928479477, 4.379586840629102]
[-5.07502205927514, -6.259214136608754]
[-4.242332383989501, 4.417508588129836]
[-7.88107655564309, 5.160131219949913]
[-0.4384711456141372, -0.7679623807337415]
[0.9263507660072094, 0.4747125474293601]
[-0.5960847838119535, 0.3673458661028569]
[-0.8180371712743253, 0.7025750858887785]
[0.9499641136690705, -0.06595752146613752]
[-2.0088916238713757, 0.6424388822591058]
[-3.4604365236588186, 1.8703733503750533]
[-0.19798276220396263, 2.795365360753459]
[-0.07121294859171183, 3.0120568334466316]
[0.0388767585613037, 1.1531617716112306]
[-0.1472041086287416, -0.5064583733382773]
[-5.319906751963364, -5.624764572974203]
[-0.17814492065591234, -0.3767756383834977]
[-5.165883215915511, -7.219548753223816]
[-0.8973249406176161, 2.7600748764298837]
[-0.6236024345771338, -0.012510453826312624]
[-4.861939608175589, 5.925298737851351]
[-2.8910267436107846, 1.2808106571637017]
[-6.606284706053439, 5.95666039753899]
[-0.12848971086774222, 1.6890915172305048]
[-5.404404198636532, 1.7621061513540017]
[-5.638572338430682, 6.585976629101894]
[-4.851207026347516, 1.4078880719207143]
[0.19402552367440967, -1.0486924139863476]
[-7.058937361607492, -0.1894641103646794]
[-7.3110424096341555, -2.010249339708829]
[-3.4420681603794865, 0.4811992171595152]
[-5.418646862048712, -5.945248027762632]
[0.3062743954314914, 4.155630572659672]
[-5.7430452716373255, 1.3028377014404353]
[-4.424307958087895, 5.92273136971229]
[-1.7792167910074799, 0.8710202823618886]
[-5.713337724193304, -3.244259668778879]
[-7.786751154801935, -6.353342682665543]
[-2.7430131515077543, 0.7881470016314814]
[0.9410358029671356, -0.06436914584736066]
[-5.603729235658491, 1.7657083665076234]
[-2.806165299416073, 1.5820810306643933]
[-1.7986466083232278, 1.8046361186453888]
[0.89091514299296, -2.5280738638651026]
[0.020252551340252573, -2.49163926976587]
[-7.587076499695692, 2.488080369874565]
[-0.18070313912663682, -3.675562294662426]
[1.6824742903417975, -1.1506072269828331]
[-5.536745988744025, -3.7180056250641558]
[-8.993384699363547, 4.942219535801203]
[-3.0549685770283768, 1.1733165406183619]
[-2.0777762032200227, 1.0807472171536612]
[-2.857831199420059, 3.8372547171252354]
[0.635042059078617, 2.598958891131224]
[-7.075151795754728, 0.7435097211533662]
[-5.899868327972392, -4.647858718473858]
[0.4904096419412505, -2.511959403422083]
[-0.7908163673681537, -5.086002609827432]
[-1.585854727774011, 1.998972117592328]
[0.34134837715788374, 3.7282959706652794]
[-9.005796353895805, -6.418506928096111]
[-0.5782561851505094, 2.7933352763971198]
[-5.747698506090256, -5.324271221073506]
[-5.596419464811301, -5.019311645807598]
[-0.24176009137782908, 2.6251320014381423]
[-0.5953836495557671, 5.286154640878406]
[-8.059744132724484, -0.19338501659690466]
[-4.619228034549723, -7.474307787288105]
[-0.002002367285818729, -3.4859850905526497]
[-7.114308305771419, -3.571795143360333]
[1.6046994722101864, -0.5774387572439365]
[0.15594069984498565, 2.456029027920477]
[-5.710668944591726, 4.9366935167117125]
[0.40976128350619057, 3.6614459300555393]
[0.3044890318397352, -1.7430847239026368]
[-6.608615500581375, 3.8134325011848436]
[-0.7562096578034603, 0.9390189462301249]
[-6.547364693664819, -4.930761366397472]
[0.024099350396341205, 2.677713291840519]
[-2.46371245106989, -0.03264263534580216]
[1.1434455949148516, -2.890592918607601]
[0.06094117936252483, 1.861842216582436]
[-7.337792553424078, -2.893680029387493]
[-5.041525417052964, 2.7539571329127854]
[-1.748606482818682, -6.069945494280224]
[1.719873449330794, 0.655337593610202]
[-3.651407399793355, 3.6545092896163496]
[-1.7471866593252614, -6.071665057487797]
[-2.4606263653527667, 3.489140712131964]
[1.673515353985074, -1.4428132758303986]
[0.6658871249619389, 4.513262588746651]
[0.8386460315321584, 5.7047011967372425]
[-5.391213485552251, -0.7073075588382278]
[1.6364661590715708, -1.489684384004731]
[-7.342049551066101, 0.2145186379433171]
[-3.069997910155659, -6.2818689257292775]
[-7.723480773403032, -3.109575479410365]
[1.8013564109481797, 0.4551945676213364]
[1.5113513571697335, -1.676442177092685]
[-0.9228414879940733, 2.149528559445868]
[0.18016888437456394, 3.2002626191254917]
[-7.469312335503978, -2.7408735101947452]
[1.6476457665960909, 0.5821433570263327]
[-4.703205606040551, -0.7568267608032141]
[0.8806411795240396, 4.951071218807425]
[-5.817865557520355, 0.8847221787031978]
[-7.044965829476243, -1.8984609096571161]
[-2.742225862347914, 4.215243384543412]
[-2.9924661534788792, -5.344369393286076]
[-4.619352821241301, 4.514926309887868]
[0.3324006804373383, -4.289374885576084]
[-4.334104555398639, 6.627010466165157]
[1.6716547700579394, 1.7127356768405788]
[0.3312315858435991, -4.289704633180747]
[-3.436997248376724, 2.5222946443943095]
[-5.307729869215249, 3.3822220204802873]
[-2.2185923521094937, 0.006931753766971378]
[0.8717048171396984, 3.930131729794625]
[0.4379809098613276, 3.623949623066104]
[-0.2572060879033467, 5.093784176302374]
[-4.335675708946228, 5.114437129213695]
[-8.39672513233133, -5.022656620290453]
[2.9608549402157998, 1.6312742074511242]
[0.34242060056469226, -3.667712566535285]
[-4.803583825517792, 6.621733791765095]
[0.008324535653916281, -1.3202498054253438]
[1.8665468749531964, -1.6588916202044761]
[-5.012611893202532, 3.0886964481751167]
[-7.33561366878649, -2.895597087309135]
[1.6143985596167651, -4.944724624871115]
[3.0671700276448837, -4.610290287065317]
[-8.208469873574977, 3.1225371590712667]
[-4.423496607942942, 3.5375537727982054]
[-0.13564453892637024, -3.627672231765202]
[-8.717297762433862, 3.397778465147953]
[-3.6487240520740314, -3.889498789208451]
[3.0654630489882067, -4.61322152176023]
[-3.4958944987262375, 0.6078950585366709]
[3.347117650055623, -6.047568457349695]
[-6.362504318251219, -6.91255233286965]
[-4.39672402889499, 5.280084285402099]
[2.7229848012332543, 0.5586642841899404]
[-2.273678453570686, 3.1972630011674203]
[-3.5521859654215615, -3.9111972067375826]
[-6.94027996317273, -3.066972950270162]
[-8.06847033561544, -1.1500268323669305]
[-4.484517581337668, -0.5421526220026587]
[2.538878432657963, 0.7670926193581568]
[-2.7001986411783885, 3.728616679624597]
[-7.531554119798058, 1.855891422120793]
[2.9041036083808454, -4.766449228629302]
[0.7463650218518895, -2.6445377767268736]
[0.9341805336706228, 5.040947991172742]
[2.8670578687058095, -5.723880379677794]
[3.283227579197606, -6.131312096062966]
[3.2829567273571825, -3.2465745070036243]
[0.8438265433551674, 3.0523569144124023]
[4.624073385251231, 1.0965755659778433]
[2.9321603364849604, -5.300593948611083]
[5.464333629664572, 0.07045096825536229]
[-7.582049420555065, -2.969685404998984]
[-3.1064459442561687, -3.0371805334811106]
[-3.8531402193344624, -7.321908034025052]
[0.6220459562486809, 3.6655185121474174]
[3.805279474478316, -5.424501371933941]
[-0.5247362011936615, -2.9371869154391086]
[5.510806683323356, 0.7156591243476448]
[-4.108242895631697, 2.645433293656529]
[-0.6149357731479563, 0.13434027595375944]
[0.281504977654676, 4.1596753280788725]
[-9.10754938826669, 2.7777417219707496]
[0.7338779805975019, 5.434050374895912]
[0.3614654669687006, -5.417582122576033]
[-3.0322796913091112, 0.39502621838075075]
[2.537505917730842, -4.581357388291379]
[5.31627741578471, 1.0366717962022243]
[3.4614676010118086, 1.360147926140554]
[1.2783277614528756, -2.69702253119764]
[5.531081288687068, 0.8077803962987488]
[0.2153555215374014, 2.846416883420254]
[-4.983731616802113, 2.590551389068731]
[0.7449614719369909, 0.1757498427005138]
[-0.1882021983366278, -6.48307623364169]
[-1.4540969327955495, 3.7228365224306934]
[0.4452382252224288, -1.1308836042972128]
[-5.090220789784927, 4.059905930733926]
[-2.1165117092638353, -1.2958490895707486]
[-2.0153286920453013, -6.4825350112942]
[-6.01094236632676, 2.558302143733244]
[5.714170389628309, 1.1934637510155248]
[4.234147828098884, 1.2265718527675276]
[-8.413327312389143, 4.412069348444678]
[2.2414502954059867, -4.341035015169865]
[-7.542211678465366, -3.009757967602425]
[-0.2286159003373213, 5.154412651675245]
[3.8514678537518656, -5.235164332718075]
[-9.088383415722973, 3.63733769289959]
[2.7627651752248066, -4.709236543806621]
[-6.666807818863235, -2.1090469484177494]
[-0.2950703644753775, -3.783422041210934]
[5.542871437805419, 0.20332425814980803]
[-6.0740168983389005, 3.4727175703691326]
[0.5026310427049225, 3.670545984057202]
[-5.529076813870716, -5.72642379494396]
[0.37223413173646297, -0.8888755712502054]
[4.511794540719984, -4.620725783431527]
[-0.9815950470241935, -2.2691696656412783]
[4.870825945126469, 2.2405210757173406]
[1.0540597232699334, -0.031434908839909556]
[2.64958212567701, -0.298783635261256]
[-1.5349211513678838, -4.181529837867912]
[5.789912253318247, -1.1342550316997757]
[-7.258813926936047, -5.0993369803222794]
[1.9810069634799472, -3.71086481948005]
[2.701455801198621, -7.459263216468414]
[-8.871023200077023, -1.2980649486727447]
[-0.11411410976075165, 4.715791881090153]
[-0.09267408995707421, -0.4774441025572593]
[5.792922654885191, -0.7023543329762809]
[-2.6198881433778567, 0.9033817997114932]
[4.507689081324183, -1.469319856251518]
[0.8935937261905009, 3.409470303205866]
[5.733808048765028, -0.8974002148931303]
[-4.750456074046826, 2.0838645212989677]
[-0.9344141232981664, -1.2066363036363386]
[-2.8197849478545485, 1.4817667566522694]
[5.346294411328159, 3.7219276995682784]
[5.815877761794199, -1.3023174511953215]
[-6.787960127461484, 6.174806253587381]
[5.820306487678995, 0.4041433334734628]
[3.4229780250876587, -4.632758656480763]
[4.981714609690364, 0.19728855711513557]
[-2.049157860167413, 5.138395178838244]
[5.696029566050941, 2.742247721182466]
[-0.8060727170261847, 2.935324203171838]
[-0.1552489950051766, 5.552867212066435]
[-0.6504451384346464, 0.3721924999682466]
[5.014817368607913, -0.3065472841366331]
[5.710030823065183, 2.1506505523001618]
[5.678220913573806, 2.351123585255898]
[0.3172055139537553, 0.9154359776490618]
[-1.2590140622967194, 2.4994953159172213]
[5.482551775658887, -1.7387123259478943]
[4.240634012297231, -2.0258985701745256]
[4.392081357397785, 4.699433315328753]
[2.9140820794921143, 1.6202944878144667]
[3.004440157371707, 4.03524491319552]
[5.782326336959311, -0.08923942872754385]
[0.8306439295436268, 5.9034115474687265]
[0.15225019142533647, 5.392797452065113]
[-7.312872821863682, 1.612761136504764]
[-4.376407714476298, 5.9764075365100116]
[4.4762066658990785, 1.731673439498329]
[4.592470473206512, -3.483071736036426]
[1.8267970237925661, -1.1621612269437984]
[5.397602711886946, -2.113876717905031]
[3.868949240691935, -5.547260573652844]
[5.676536082543736, -1.0638637342532538]
[4.881721034219854, 2.3227913394821207]
[5.13557809126653, -2.3490401114051367]
[0.4811395484407149, -1.5795326247044772]
[-4.882261188850249, -4.497247483833223]
[0.7523609463329265, 0.8162345967944354]
[5.0445590826198465, 6.409947275635142]
[5.748866939661393, -1.282647345052035]
[-0.6123132173685731, 3.1226354671177767]
[5.1272608669767985, 1.677385458425309]
[4.942982994475282, 5.080768813368857]
[3.89588821608185, -7.19769638098947]
[5.005368523655921, 6.005398293806767]
[1.8002212976382614, 0.020759125779878936]
[5.353371955796036, 5.170526932577669]
[-0.5741874119377494, 5.279624621092152]
[2.4320211982526887, -7.475057719672538]
[3.223472161226139, -0.9729255183389639]
[5.622359954584818, 1.5545561590706998]
[2.074812530308767, 3.620965218664641]
[4.936236096788192, 5.07606037080694]
[-0.8338775343587296, 6.550180112738711]
[5.04826392806102, 6.627645977441006]
[-3.411664201807349, 3.488902165670833]
[5.045784201363669, 6.111468287587271]
[5.12369054458414, -3.353022797220352]
[3.41769467735227, 0.1892440857861566]
[-2.7167148417913793, 4.137005587815781]
[5.564530904234086, 2.3034411459989923]
[-1.8150875289530919, -2.133850867307591]
[-1.6673647370576248, -1.0375425195180918]
[4.89399345469676, 3.9614574334606467]
[4.006624638072552, 3.2454779892745833]
[-7.666288934099308, 2.6369664061996962]
[2.6429823524780685, -0.23659462161140243]
[2.208889095149386, 3.952650308079649]
[4.108761940851123, -2.6135574107781467]
[5.566195525411549, -3.2765869923681916]
[4.456875988230599, 0.6661880429884819]
[-4.803588548870621, 6.621757398074522]
[-5.045578545854072, 4.613664041980201]
[4.939250329149747, 6.6499256452952915]
[4.611975111537101, -4.483247256149355]
[-6.337375806070388, 1.5393224744263252]
[-5.684499864816715, 0.1704617652149166]
[4.9901797770705825, 4.484045879460178]
[-4.721352903261013, 1.1314226186818104]
[5.213653242866229, 2.27946431359645]
[5.663278198820087, -0.9761916002133509]
[4.732148228562737, 4.12504948303548]
[-1.0647659546531558, 3.024884349721377]
[5.405160123641591, 3.0374719215651087]
[4.909588736605046, 3.9788982214702857]
[3.0446841849758806, 1.5310566587360912]
[4.998966782391988, -6.169375257060945]
[5.03557360055766, 1.1106545261831928]
[5.241048375509943, 2.8232969960442915]
[5.62328927316705, 3.4021349352203147]
[2.516517860325553, 0.08031912633552259]
[2.614233807579229, 0.7855086435484423]
[4.650397160091934, 3.3407418019428627]
[5.345166494813027, 2.1171916964142032]
[5.361305705843342, -0.6382815828797204]
[5.0649941581976305, 1.9764616451992425]
[5.759647022381837, -0.897229595393403]
[4.2134500022516495, 2.4516625387381428]
[-0.3659211319460504, 5.355598656038002]
[4.556115253327129, -1.8263125787062346]
[5.662439059365874, -4.688506001399624]
[4.013196006469639, -1.852422524121985]
[6.198306790973426, 3.9463150238624385]
[5.206967406701563, 2.8032066993518803]
[5.808685455032922, 2.1881002471775273]
[6.187187219890762, 6.227007534506403]
[4.102208994478871, 2.678193214954892]
[3.698023064773997, 1.272667182669758]
[5.032311619276999, 3.742500187363254]
[3.9472502404927097, -7.3319915852141655]
[-0.9792946107224038, 3.502123790806661]
[5.741789128559556, 6.038832495992572]
[6.453569845647053, 5.8730647364649995]