([-5.676414703548058, -9.202408486162813, 0], [0.7208170934520979, 0.0, -0.0, 0.6931253261764929])
([2.4988396841704237, -0.2731779097192444, 0], [-0.512440433827575, 0.0, -0.0, 0.8587227735297387])
([5.936654101173936, -4.587894482604964, 0], [-0.9715672060974163, 0.0, 0.0, 0.23676394158752415])
([-1.662288125897522, -3.0350079636910765, 0], [0.49252626840470365, -0.0, 0.0, -0.8702975783784175])
([7.919956342831011, -5.155268122294789, 0], [0.9144254355706806, 0.0, -0.0, 0.4047543981000961])
([-5.98643442126739, 0.9106240074848699, 0], [0.09063734066981803, -0.0, 0.0, -0.9958839653676042])
([1.0209828678860688, 0.7998875369423093, 0], [0.03094580541194646, 0.0, -0.0, -0.9995210638737965])
([-9.228961450773166, -0.8249802134347739, 0], [0.0072494703999807855, 0.0, 0.0, 0.9999737222441997])
([-2.8892991292040033, -4.129574135705485, 0], [-0.7879400610406727, -0.0, -0.0, -0.6157519469780188])
([-0.5203356306050022, -0.17355444817723154, 0], [-0.7428978000046178, -0.0, -0.0, -0.6694048541415717])
([7.3709643387093635, 7.619927370617525, 0], [0.46601839134415574, 0.0, -0.0, 0.8847750329484921])
([-6.20936981098011, 5.043604321891852, 0], [0.8082922038177006, 0.0, 0.0, 0.588781549683348])
([-8.181195772366952, -2.5177506166368824, 0], [-0.6781164163485371, 0.0, -0.0, 0.7349545059924576])
([-1.1717161803177785, 7.240171901564256, 0], [0.7707022472647839, 0.0, -0.0, 0.6371954535784228])
([4.725038658322129, -8.741242702075882, 0], [0.156526640338932, 0.0, -0.0, 0.9876737370529838])
([-8.692947655960776, -9.361695721247166, 0], [-0.7523639770233966, -0.0, 0.0, 0.6587476345897099])
([-6.29379829831765, -4.480118318309179, 0], [-0.6486978619518861, 0.0, -0.0, 0.7610460458468015])
([7.569527353279259, -1.0092865420047161, 0], [0.3443176188780402, -0.0, 0.0, 0.9388532245937896])
([-7.550611035658756, -7.217585120648029, 0], [0.4488935732956365, 0.0, -0.0, -0.893585228086205])
([-7.631304408133395, -2.973752581936589, 0], [-0.6394935481003667, -0.0, -0.0, -0.7687964632710038])
([8.208488711055654, 5.140544735016048, 0], [0.18228153096603347, 0.0, 0.0, 0.9832463798401085])
([4.3868873391693946, -4.0988292670324515, 0], [0.26650276628141395, 0.0, -0.0, 0.9638341535577343])
([-6.09000431937088, 3.8806497249497784, 0], [0.8562941959530342, -0.0, 0.0, 0.5164883831967052])
([-2.6016747513508705, 6.812081155022835, 0], [-0.9788359575282672, 0.0, 0.0, 0.2046464469511267])
([-4.15700339404369, 5.289975500567669, 0], [-0.021202839181788696, 0.0, 0.0, -0.9997751945365674])
([-8.973414271752244, 6.679295826590597, 0], [-0.7575548401902357, -0.0, -0.0, 0.652771525194188])
([-3.3726415857343905, -4.24368414316171, 0], [0.980840909052374, 0.0, -0.0, 0.19481044923030333])
([3.017367663320691, 8.894374714453715, 0], [0.9988362801361781, -0.0, 0.0, 0.04822950843334686])
([7.700140005575502, -7.01658361526289, 0], [0.4681442265719113, 0.0, 0.0, 0.883652071308265])
([7.442109689556819, 9.467735505923482, 0], [0.6952044770846068, 0.0, -0.0, 0.7188120303956511])
([0.7109483645381722, 9.732632529634316, 0], [-0.8294615399568235, 0.0, 0.0, -0.5585638313858632])
([8.506471275784303, 0.9840232972082035, 0], [0.8576311768214244, -0.0, 0.0, 0.5142652667096025])
([9.953902822140876, -8.617738779956232, 0], [-0.9999208817573633, 0.0, 0.0, -0.012578959638112069])
([1.0294411763702005, 1.5627016170840022, 0], [0.004970617371821288, 0.0, -0.0, -0.9999876464051658])
([-1.8553044688029434, 3.8271069558750206, 0], [0.733753296403701, 0.0, -0.0, -0.6794159992351537])
([-3.6336325587273466, 5.395987204716937, 0], [-0.30635501271677323, 0.0, 0.0, 0.9519173315909873])
([-1.2267344377181626, -0.9188291362774859, 0], [-0.608861086186161, 0.0, -0.0, -0.7932768607038833])
([-6.456473352526924, -9.35571996141987, 0], [-0.9881215250116719, 0.0, 0.0, -0.15367449953914852])
([7.227703728423968, -6.105267900700655, 0], [0.8658696169567627, -0.0, 0.0, 0.5002697336748937])
([4.696713435317344, -8.082185788064372, 0], [0.9635281325534495, -0.0, 0.0, 0.2676070585355745])
([7.242927645136405, 9.367704897568686, 0], [-0.3979699015073659, 0.0, 0.0, -0.9173984725811448])
([-9.570515307643435, 8.62735430035588, 0], [0.5455237226558005, -0.0, 0.0, 0.8380953812184847])
([4.145901059534751, 1.2457377767782205, 0], [-0.15541004261217295, 0.0, 0.0, 0.9878500486689681])
([-2.6770907056417332, -2.217885169624221, 0], [-0.6962585376484767, 0.0, 0.0, 0.7177910899082023])
([0.957719820340909, -8.994467198851355, 0], [0.8854344217345353, -0.0, 0.0, 0.46476433254675314])
([0.06449298218880806, -4.399142077491072, 0], [-0.7757846267961377, -0.0, 0.0, -0.6309977914595085])
([2.442468343213161, -6.951338687659021, 0], [0.6174027369775835, 0.0, -0.0, 0.7866472273977636])
([8.569923417823151, 0.23372753666896529, 0], [0.9845994286461771, 0.0, 0.0, 0.17482552762574888])
([9.85507191628469, -7.1711801893179565, 0], [-0.19071999676816778, 0.0, -0.0, -0.9816444788378071])
([3.4343618261164153, -6.2679871137323095, 0], [-0.9509596007811872, -0.0, 0.0, 0.30931511065915435])
