0.021586556665068805
0.03264982623531473
0.020125859077256312
0.02887131383951534
0.018192020894739258
0.03066659000433746
0.03290174229922809
0.03753791661537148
0.052471482643993816
0.03132531154855992
0.031023308609287047
0.015236707731471082
0.03352470408877936
0.03537597680615812
0.020472724756055247
0.016586008669172644
0.02436658225679148
0.015998952755645723
0.05634927159199137
0.1764993835387831
0.01871975715605074
0.03305312876902451
0.03707133807121993
0.014953369571114932
0.019624158705997968
0.01990092949306323
0.03166454451311582
0.025142234402584222
0.016959479383173506
0.019668745087517713
0.02359457463198291
0.02650536573976275
0.05824731404975631
0.029690526494541056
0.031987528892193015
0.03297780261469789
0.04236913921583105
0.01985269880620756
0.02494872091399762
0.05874278392378008
0.01787794872979325
0.11746786007605983
0.03426277971001735
0.0271063987780685
0.020720525856031638
0.023079726747196085
0.027296108799195244
0.6018749026928
0.05221061251013793
0.021391139146992456
