0.01732289089504454
0.030659125520553186
0.017963596183856696
0.02505571098690211
0.018072803381466832
0.022516321413951323
0.026797889088149715
0.025743897746294788
0.06469729109866242
0.024863333571344376
0.027231700413980705
0.014321146647289375
0.019334276971510595
0.026821290571935004
0.018085404237054174
0.01619413834553758
0.02014210045012839
0.013339941145622938
0.03122466399020846
0.102105027234979
0.017723059226381593
0.02269958725970572
0.027843507376233763
0.012984548567079205
0.017742958889846325
0.018240988940415193
0.021802958017358525
0.023370371406914593
0.016067887789834843
0.013548570363585609
0.020141780581452787
0.02725649950228721
0.03266832026516578
0.024683457761596098
0.032442514667424274
0.02724546817406529
0.038894956223774625
0.01728677044493014
0.019347286627312096
0.04604994168528274
0.0154340136223585
0.08962616345206498
0.032128806574691506
0.02250077118275282
0.01895116983574095
0.02224886050395464
0.020187366513238283
0.34254904611294085
0.061510725425374564
0.020320720593729854
