0.017419050215065877
0.020838985887377193
0.021301697520699155
0.026573767656570987
0.013916824602295666
0.018403124351228775
0.022043470834491406
0.025039911372465494
0.0695435601194095
0.03025338148018095
0.028157934975757144
0.013139938764022046
0.023100439024982756
0.0318812921083543
0.016325974795426756
0.01406367295358803
0.01810605803692896
0.013206798550112281
0.038412230795735754
0.07004833617345932
0.01661694338484201
0.023761287374710546
0.02588456980315767
0.012805169798165606
0.013225428296710534
0.01834020849325805
0.020349003387917845
0.018609212059156624
0.014069253293536229
0.015096735225046065
0.025878089511359198
0.02099800976102198
0.03783469556465008
0.02411871141233078
0.027533843702140508
0.026097298489161442
0.029184776939791247
0.0162165591225151
0.0203837800399307
0.04111603905953188
0.01513445095170498
0.11746786007605983
0.03105129149132433
0.02094685381299619
0.018058223014825805
0.020096304495941276
0.023363269520117684
0.6018749026928
0.02817759125239045
0.01723579684078952
