([-7.833694753469849, 4.871088824912377, 0], [-0.11704918393875488, 0.0, 0.0, 0.9931261191506704])
([6.17706203925869, -6.950192688702257, 0], [0.990293366836874, 0.0, 0.0, 0.13899297679699005])
([0.24391627925193227, 8.110272969517155, 0], [0.6904227655715038, 0.0, 0.0, 0.7234061133143652])
([5.708965835013004, 3.2211059454657605, 0], [-0.985742991266935, -0.0, -0.0, -0.16825800179520545])
([-7.579736984241732, -9.43109890214582, 0], [-0.9959924186315458, 0.0, -0.0, -0.08943769914573929])
([2.6759451591730876, -4.598385766036641, 0], [-0.055238005912133764, -0.0, 0.0, -0.998473215816454])
([7.60015518022805, -5.268460014313323, 0], [-0.04071107700701905, -0.0, -0.0, -0.9991709604511775])
([-4.067637562038566, -6.8655197378088335, 0], [-0.7730739134297561, 0.0, 0.0, 0.6343159499605872])
([1.5821882992120688, -4.15357703136126, 0], [0.6653947220659444, -0.0, 0.0, 0.7464917038030527])
([1.841559798706875, -7.733672426221638, 0], [0.4363212138770547, 0.0, 0.0, -0.8997909747940649])
([-1.17937308255242, 8.041151683230723, 0], [-0.586523117429397, -0.0, -0.0, 0.8099324865202666])
([9.614021643890457, -6.0247939717060905, 0], [-0.881159227677249, 0.0, 0.0, -0.4728196437112508])
([0.5371868148335217, 3.0749049473436063, 0], [-0.05774596987240532, 0.0, 0.0, -0.9983313092172834])
([4.3136022713489375, 2.662401719623656, 0], [-0.28557053511445635, 0.0, -0.0, -0.9583576939089303])
([1.8455735217538756, 5.064470490920041, 0], [0.0456971990171719, 0.0, 0.0, 0.9989553373409569])
([-4.707586429857482, 7.310075659387948, 0], [-0.3793159240688758, 0.0, 0.0, 0.9252672207247887])
([5.099596210407107, 3.059606453485369, 0], [0.9995009174892315, -0.0, -0.0, -0.03158980750470524])
([-9.507899168986986, -8.12384966573427, 0], [0.5104192933597366, -0.0, 0.0, 0.8599256624651617])
([-6.538723661568245, -1.347225685344128, 0], [0.6029589025101466, -0.0, 0.0, 0.7977722493818392])
([-6.117130461384013, -0.6424138506837132, 0], [-0.9649294644263349, -0.0, -0.0, -0.26250929256296174])
([6.177295891143942, -9.426077891129312, 0], [0.31515462760502894, 0.0, -0.0, 0.9490403367081588])
([-3.4197217298316733, 1.9743857578791957, 0], [0.5677788304546969, 0.0, 0.0, 0.8231811463387002])
([-5.941111757742075, -4.164144621228689, 0], [0.5739278529361571, -0.0, 0.0, -0.8189058673767656])
([9.636329830327778, -7.84209509113041, 0], [-0.7037337725112961, 0.0, 0.0, 0.7104637762947661])
([8.110449645361303, -4.293275832760532, 0], [-0.9929796666724073, 0.0, 0.0, 0.11828517056315609])
([1.0924131122185479, -3.521104539363254, 0], [0.6285152554175291, 0.0, -0.0, 0.7777972574568763])
([-1.0985812908795616, 5.936444525125886, 0], [-0.9927920970001007, 0.0, 0.0, 0.11984928925172039])
([6.4595299373879165, -2.504519286221363, 0], [-0.8581849890248523, -0.0, 0.0, 0.5133405542253741])
([1.2239725318725387, 9.476792844943368, 0], [0.25990599186948043, -0.0, -0.0, 0.9656339241091013])
([-5.011077599275746, -1.3600392830682821, 0], [0.3492947401148909, -0.0, 0.0, 0.9370129052089256])
([-7.5920654915091434, 1.9568113358370791, 0], [0.9186681584311501, 0.0, -0.0, 0.39503014402032577])
([-1.9127471083557612, 3.9142560866299565, 0], [0.3456879782821006, 0.0, -0.0, 0.9383495199930748])
([4.716960687687326, -5.4451963297596855, 0], [0.9961433165707763, 0.0, 0.0, -0.08774105567734099])
([3.7278630427636124, -8.431542831882684, 0], [-0.9908164689764153, 0.0, 0.0, 0.13521362655112923])
([6.874802353530484, 4.681245284310091, 0], [0.4075609816335232, -0.0, 0.0, 0.9131779926443251])
([-7.668228811353108, -3.5442946202397057, 0], [-0.1553748922792605, -0.0, -0.0, -0.987855577930908])
([3.8355772242084853, 3.488766591109087, 0], [0.9235723080002377, 0.0, -0.0, -0.38342429747619555])
([-6.674264377365948, 6.486120158798943, 0], [0.4343288085243127, -0.0, 0.0, -0.9007543983161286])
([1.4070071296270932, 3.3363516679074063, 0], [0.8252202005654167, -0.0, 0.0, -0.5648111370881186])
([9.758125150987187, -5.0131053637146135, 0], [-0.29262451910496873, -0.0, -0.0, 0.9562274263053668])
([9.181620222529418, -8.64904615801642, 0], [-0.8227537284537403, -0.0, -0.0, 0.5683980139967671])
([-7.610417228312675, 6.517592333926416, 0], [0.19059042253180328, -0.0, -0.0, 0.9816696444523222])
([8.103121263176082, 8.66840596712266, 0], [0.7060227444550637, 0.0, 0.0, 0.7081891585672149])
([8.535806625125126, 5.449946164754021, 0], [-0.9399975760815193, -0.0, 0.0, -0.3411811204637037])
([8.140716420325372, 2.146600566166004, 0], [0.366604098847119, 0.0, 0.0, -0.9303770390054195])
([4.157102194545391, 8.555684345391775, 0], [0.6288087246897769, 0.0, 0.0, 0.7775600219623026])
([-9.022155232239765, -3.7165442855809587, 0], [-0.14528048604640573, -0.0, -0.0, -0.9893905095431834])
([7.407798600451095, 0.012731458548563168, 0], [-0.827112553305679, 0.0, 0.0, -0.5620363192571813])
([4.6479373565079225, -4.878496782715276, 0], [-0.9981746614912083, -0.0, -0.0, -0.06039325423349715])
([-4.750836561800815, 6.009622290391707, 0], [-0.3763849656611531, 0.0, -0.0, 0.9264633601088889])