3.1685099601745605
3.8176708221435547
3.4190189838409424
3.0534708499908447
3.1523101329803467
3.7059593200683594
4.0309319496154785
5.723427057266235
3.4200901985168457
3.2000019550323486
3.106186866760254
3.202202320098877
3.8689799308776855
3.3625099658966064
3.611323833465576
3.3637800216674805
3.422821044921875
3.4500789642333984
3.6633341312408447
4.522278785705566
3.526378870010376
3.430232048034668
3.5741240978240967
3.490832805633545
3.5144457817077637
3.6853981018066406
3.5389089584350586
3.6373448371887207
3.743201971054077
3.6615097522735596
3.9364428520202637
4.279453277587891
4.360095024108887
4.029445171356201
4.030104637145996
4.069550275802612
4.332060813903809
4.588699102401733
4.397342920303345
4.702790021896362
4.6571691036224365
4.407261848449707
4.598198890686035
3.9800827503204346
4.243279695510864
4.225398063659668
4.041667699813843
4.1703057289123535
4.1105780601501465
4.085625171661377