18.802093029022217
19.59744095802307
18.047546863555908
18.18889284133911
17.818947792053223
17.63357186317444
18.706249952316284
20.256205081939697
18.888754844665527
18.101343870162964
18.05173397064209
19.444854021072388
16.898426055908203
18.142505884170532
18.201800107955933
18.38046097755432
17.624901056289673
18.304859161376953
17.84463405609131
18.13524603843689
19.197709798812866
17.765017986297607
17.997892141342163
20.009571075439453
19.65383505821228
18.208538055419922
17.488757848739624
18.12408995628357
19.420989990234375
18.475348949432373
19.0833899974823
19.180006980895996
20.813304901123047
20.00175189971924
18.804887056350708
19.420608043670654
19.238494873046875
20.932177782058716
20.58624792098999
21.930811166763306
21.12368106842041
21.17817997932434
22.522905111312866
23.302385091781616
21.66219186782837
23.15041708946228
21.912811994552612
21.244937896728516
21.073590755462646
21.79391312599182