1.8918700218200684
2.1860873699188232
1.9921069145202637
1.9251971244812012
1.967499017715454
2.1359360218048096
2.39493989944458
2.1862032413482666
2.252427101135254
2.2854340076446533
2.3970868587493896
2.2943308353424072
2.889594793319702
2.410722255706787
2.1558897495269775
2.1719470024108887
2.1396758556365967
2.367147922515869
2.2163422107696533
2.2339320182800293
2.255286931991577
2.2600369453430176
2.3014299869537354
2.307194232940674
2.3358500003814697
2.356236696243286
2.416764974594116
2.3841142654418945
2.4468700885772705
2.456800937652588
2.473613977432251
2.4833130836486816
2.507866144180298
2.501945734024048
2.504100799560547
2.5691778659820557
2.56059193611145
2.629646062850952
2.6593451499938965
2.6674070358276367
2.921867847442627
2.9112586975097656
2.868453025817871
2.7633957862854004
2.7400479316711426
2.81832218170166
2.8016152381896973
2.8381259441375732
2.8611650466918945
2.907302141189575